pdb_id	35	37	39	44	45	47	91	93	103	105
4ttd	49.0	44.0	-79.0	110.0	-81.0	92.0	17.0	59.0	92.0	-10.0
4ydl	-226.0	44.0	-203.0	110.0	-33.0	92.0	96.0	59.0	92.0	-87.0
4ydk	-22.0	44.0	-79.0	-42.0	-81.0	92.0	17.0	44.0	92.0	-3.0
4ydj	150.0	44.0	-79.0	110.0	-33.0	17.0	96.0	59.0	92.0	-41.0
4ydv	95.0	44.0	-79.0	110.0	-81.0	92.0	17.0	59.0	92.0	-57.0
3idx	-226.0	44.0	-79.0	110.0	-81.0	92.0	17.0	59.0	92.0	-3.0
3idi	-22.0	150.0	-79.0	49.0	-33.0	92.0	96.0	59.0	92.0	25.0
3idj	-22.0	150.0	-203.0	49.0	-33.0	92.0	96.0	59.0	92.0	25.0
2b0s	-22.0	44.0	-79.0	110.0	-81.0	92.0	17.0	59.0	92.0	-57.0
3idm	-22.0	150.0	-203.0	49.0	-33.0	92.0	96.0	59.0	92.0	-3.0
3idn	-22.0	150.0	-203.0	49.0	-33.0	92.0	96.0	59.0	92.0	25.0
3idg	-22.0	150.0	-203.0	49.0	-33.0	92.0	96.0	59.0	92.0	25.0
3ngb	-92.0	150.0	-81.0	71.0	59.0	92.0	96.0	95.0	92.0	-41.0
3x3f	-92.0	44.0	-79.0	-42.0	-33.0	92.0	17.0	59.0	96.0	-57.0
4olz	-92.0	150.0	-81.0	-44.0	59.0	92.0	96.0	95.0	92.0	-57.0
4oly	-92.0	150.0	-81.0	-44.0	59.0	92.0	96.0	95.0	92.0	-57.0
4olx	-92.0	150.0	-81.0	-44.0	59.0	92.0	96.0	95.0	92.0	-57.0
1n0x	-226.0	44.0	-203.0	71.0	140.0	92.0	17.0	59.0	92.0	-10.0
4olw	-92.0	150.0	-81.0	-44.0	59.0	92.0	96.0	95.0	92.0	-57.0
1ikf	17.0	44.0	-203.0	71.0	-81.0	92.0	17.0	95.0	92.0	-57.0
4olu	-92.0	150.0	-81.0	71.0	59.0	92.0	96.0	95.0	92.0	-57.0
5cin	49.0	44.0	-79.0	-42.0	-81.0	92.0	17.0	59.0	92.0	-87.0
2xzc	-22.0	150.0	-203.0	-39.0	-33.0	92.0	17.0	59.0	92.0	10.0
5dt1	-226.0	44.0	-79.0	110.0	-81.0	92.0	17.0	59.0	-125.0	59.0
5cil	49.0	44.0	-79.0	-42.0	-81.0	92.0	17.0	59.0	92.0	-87.0
5f9w	-226.0	44.0	-238.0	110.0	-81.0	-81.0	17.0	59.0	92.0	-57.0
1cly	17.0	44.0	-203.0	-41.0	-81.0	92.0	17.0	59.0	92.0	25.0
3go1	95.0	150.0	-203.0	-42.0	-33.0	17.0	17.0	59.0	92.0	-3.0
5fgb	49.0	44.0	-79.0	-42.0	-81.0	92.0	17.0	59.0	92.0	-3.0
5fgc	95.0	44.0	-79.0	110.0	-81.0	92.0	17.0	59.0	92.0	-3.0
2xqb	49.0	44.0	-79.0	110.0	-81.0	92.0	17.0	59.0	96.0	-57.0
3k2u	-226.0	44.0	-203.0	110.0	-81.0	92.0	17.0	59.0	92.0	25.0
5e8e	-226.0	44.0	-79.0	110.0	-81.0	92.0	17.0	95.0	92.0	-57.0
3lrs	-226.0	44.0	-79.0	-42.0	-33.0	92.0	96.0	59.0	92.0	47.0
3eoa	-92.0	44.0	-203.0	110.0	-81.0	92.0	17.0	59.0	92.0	-57.0
2r56	95.0	44.0	-79.0	110.0	-81.0	92.0	17.0	59.0	92.0	-41.0
4yk4	49.0	150.0	-203.0	110.0	-33.0	92.0	17.0	59.0	92.0	47.0
3h42	-92.0	44.0	-79.0	110.0	-81.0	92.0	96.0	59.0	92.0	-3.0
5f96	-226.0	44.0	-203.0	110.0	96.0	-81.0	17.0	44.0	92.0	17.0
4u6v	-226.0	44.0	-79.0	110.0	-81.0	92.0	17.0	59.0	92.0	25.0
4kht	49.0	44.0	-79.0	110.0	-81.0	92.0	17.0	59.0	92.0	-57.0
4khx	49.0	44.0	-79.0	110.0	-81.0	92.0	17.0	59.0	92.0	-57.0
4al8	-92.0	-159.0	-203.0	110.0	-33.0	92.0	17.0	95.0	96.0	-3.0
4i3s	-226.0	44.0	-79.0	110.0	-33.0	96.0	140.0	49.0	96.0	24.0
5bo1	-226.0	44.0	-203.0	110.0	-81.0	92.0	17.0	59.0	96.0	-57.0
4nrx	-22.0	44.0	-203.0	110.0	-81.0	92.0	17.0	59.0	92.0	-57.0
3sdy	49.0	150.0	-79.0	110.0	-33.0	92.0	17.0	59.0	96.0	-57.0
4jzn	95.0	44.0	-79.0	110.0	-81.0	92.0	17.0	59.0	92.0	-57.0
4jzo	95.0	44.0	-203.0	110.0	-81.0	92.0	17.0	59.0	92.0	25.0
4ers	-226.0	44.0	-79.0	110.0	-33.0	92.0	17.0	59.0	92.0	-57.0
3kdm	49.0	44.0	-79.0	110.0	-81.0	92.0	52.0	59.0	96.0	25.0
4qci	49.0	44.0	-79.0	110.0	-81.0	92.0	17.0	59.0	92.0	-57.0
3eyf	-226.0	44.0	-79.0	110.0	-81.0	92.0	17.0	59.0	92.0	-3.0
4py8	-226.0	44.0	-79.0	110.0	-33.0	92.0	17.0	59.0	92.0	-57.0
3fn0	49.0	150.0	-203.0	-44.0	59.0	92.0	17.0	59.0	92.0	34.0
3h3p	49.0	44.0	-79.0	110.0	-81.0	92.0	17.0	59.0	92.0	-84.0
3u2s	-226.0	44.0	-79.0	-42.0	-81.0	92.0	96.0	44.0	92.0	-10.0
4dqo	-226.0	44.0	-79.0	110.0	-81.0	92.0	96.0	59.0	92.0	-10.0
2i5y	95.0	44.0	-79.0	-42.0	-33.0	92.0	96.0	59.0	92.0	-57.0
4hpo	44.0	44.0	-79.0	-42.0	-81.0	92.0	17.0	59.0	92.0	-87.0
2qsc	-226.0	44.0	-79.0	110.0	-81.0	17.0	17.0	59.0	92.0	-3.0
3hae	-22.0	44.0	-79.0	110.0	-33.0	96.0	17.0	59.0	92.0	-3.0
4hpy	-226.0	44.0	-79.0	-42.0	-81.0	92.0	17.0	59.0	92.0	-3.0
3moa	-22.0	150.0	-203.0	49.0	-33.0	92.0	96.0	59.0	92.0	25.0
3mob	-22.0	150.0	-203.0	49.0	-33.0	92.0	96.0	59.0	92.0	-3.0
3sqo	-226.0	44.0	-79.0	175.0	-81.0	92.0	17.0	59.0	92.0	-57.0
2yk1	-22.0	150.0	-79.0	110.0	-33.0	92.0	17.0	44.0	92.0	-87.0
3ghe	49.0	44.0	-79.0	110.0	-81.0	92.0	96.0	59.0	92.0	-10.0
3ghb	-92.0	44.0	-79.0	110.0	-33.0	92.0	49.0	95.0	92.0	-10.0
4m62	49.0	44.0	-79.0	110.0	-33.0	92.0	17.0	59.0	92.0	-87.0
4hkx	-226.0	44.0	-79.0	110.0	-33.0	92.0	17.0	59.0	92.0	-57.0
4hkz	-226.0	44.0	-79.0	110.0	-81.0	92.0	52.0	59.0	96.0	-87.0
3bn9	49.0	44.0	-79.0	110.0	-81.0	92.0	17.0	59.0	92.0	-87.0
1tji	-22.0	150.0	-203.0	49.0	-33.0	92.0	96.0	59.0	92.0	25.0
1tjh	-22.0	150.0	-203.0	49.0	-33.0	92.0	96.0	59.0	92.0	25.0
2pw2	-22.0	150.0	-203.0	49.0	-33.0	92.0	96.0	59.0	92.0	-3.0
2pw1	-22.0	150.0	-79.0	49.0	-33.0	92.0	96.0	59.0	92.0	25.0
1tjg	-22.0	150.0	-203.0	49.0	-33.0	92.0	96.0	59.0	92.0	25.0
4lsu	-226.0	-81.0	-203.0	110.0	96.0	92.0	96.0	59.0	92.0	-57.0
4lst	-92.0	150.0	-81.0	-235.0	59.0	92.0	96.0	95.0	92.0	-41.0
2ykl	-22.0	150.0	-79.0	110.0	-33.0	92.0	17.0	44.0	92.0	-57.0
4lsq	-226.0	-81.0	-79.0	-87.0	-33.0	92.0	17.0	59.0	92.0	-87.0
4lsp	-226.0	-81.0	-79.0	25.0	-81.0	92.0	17.0	59.0	92.0	-57.0
4lss	-92.0	150.0	-81.0	-44.0	59.0	92.0	96.0	95.0	92.0	-41.0
4lsr	-226.0	-81.0	-79.0	-57.0	-33.0	92.0	17.0	59.0	92.0	-57.0
4fp8	49.0	44.0	-79.0	110.0	-33.0	92.0	17.0	59.0	92.0	-57.0
3d0v	-22.0	150.0	-203.0	49.0	-33.0	92.0	96.0	59.0	92.0	-3.0
3d0l	-22.0	150.0	-79.0	49.0	-33.0	92.0	96.0	59.0	92.0	-3.0
1uj3	-226.0	44.0	-79.0	110.0	-81.0	92.0	17.0	59.0	92.0	25.0
4dgy	-226.0	44.0	-203.0	175.0	-81.0	92.0	17.0	59.0	92.0	-160.0
4uu9	49.0	44.0	-79.0	110.0	-81.0	92.0	17.0	59.0	92.0	10.0
3mug	-226.0	44.0	-203.0	110.0	-81.0	92.0	96.0	59.0	92.0	8.0
4dgv	-226.0	44.0	-203.0	175.0	-81.0	92.0	17.0	59.0	92.0	-114.0
3mlt	-22.0	44.0	-79.0	110.0	-33.0	92.0	96.0	95.0	92.0	-87.0
3mlu	-22.0	44.0	-203.0	110.0	-81.0	92.0	96.0	95.0	92.0	-57.0
3mlv	-22.0	44.0	-79.0	-42.0	-33.0	92.0	96.0	95.0	92.0	-57.0
3mlw	59.0	44.0	-79.0	110.0	-81.0	92.0	17.0	59.0	92.0	-57.0
3u7y	-92.0	150.0	-81.0	-44.0	59.0	92.0	96.0	95.0	92.0	-41.0
3mlr	-22.0	44.0	-79.0	-42.0	-33.0	92.0	96.0	95.0	92.0	-87.0
3mls	-22.0	44.0	-79.0	110.0	-33.0	92.0	96.0	95.0	92.0	-57.0
3fct	-226.0	44.0	-203.0	110.0	-81.0	92.0	17.0	95.0	96.0	14.0
3mlx	49.0	150.0	-203.0	110.0	-33.0	17.0	17.0	59.0	92.0	-3.0
3mly	49.0	150.0	-79.0	110.0	-33.0	17.0	17.0	59.0	92.0	10.0
3mlz	49.0	150.0	-203.0	110.0	-33.0	17.0	17.0	59.0	92.0	-3.0
4ioi	-226.0	44.0	-203.0	175.0	-81.0	92.0	17.0	49.0	92.0	-87.0
1bvk	-92.0	44.0	-79.0	110.0	-33.0	92.0	17.0	59.0	92.0	-3.0
2xra	49.0	44.0	-203.0	110.0	-81.0	92.0	17.0	59.0	92.0	-57.0
1n8z	-226.0	44.0	-79.0	110.0	-33.0	92.0	17.0	49.0	92.0	-57.0
2oqj	-92.0	44.0	-41.0	110.0	-81.0	92.0	17.0	59.0	92.0	44.0
3lhp	49.0	44.0	-79.0	110.0	-33.0	92.0	17.0	59.0	92.0	-57.0
4zso	-226.0	44.0	-203.0	175.0	-81.0	92.0	17.0	59.0	92.0	-3.0
3oay	-92.0	44.0	-41.0	110.0	-81.0	92.0	17.0	59.0	92.0	44.0
3pgf	-226.0	44.0	-79.0	110.0	-81.0	92.0	17.0	59.0	92.0	-57.0
3oau	-92.0	44.0	-41.0	110.0	-81.0	92.0	17.0	59.0	92.0	44.0
4g3y	-92.0	44.0	-203.0	175.0	-81.0	92.0	17.0	49.0	92.0	25.0
4qhu	49.0	44.0	-79.0	110.0	-81.0	92.0	17.0	59.0	92.0	-57.0
3bdy	-226.0	44.0	-79.0	110.0	-33.0	92.0	17.0	49.0	92.0	-57.0
1gc1	95.0	44.0	-79.0	110.0	-81.0	92.0	96.0	59.0	92.0	-57.0
4olv	-92.0	150.0	-81.0	-44.0	59.0	92.0	96.0	95.0	92.0	-57.0
3p0y	-226.0	44.0	-79.0	110.0	-81.0	92.0	17.0	59.0	92.0	-87.0
1u8q	-22.0	150.0	-203.0	49.0	-33.0	92.0	96.0	59.0	92.0	25.0
1u8j	-22.0	150.0	-203.0	49.0	-33.0	92.0	96.0	59.0	92.0	25.0
1u8k	-22.0	150.0	-203.0	49.0	-33.0	92.0	96.0	59.0	92.0	25.0
1u8h	-22.0	150.0	-203.0	49.0	-33.0	92.0	96.0	59.0	92.0	25.0
1u8i	-22.0	150.0	-203.0	49.0	-33.0	92.0	96.0	59.0	92.0	25.0
1u8n	-22.0	150.0	-203.0	49.0	-33.0	92.0	96.0	59.0	92.0	25.0
1u8l	-22.0	150.0	-203.0	49.0	-33.0	92.0	96.0	59.0	92.0	25.0
1u8m	-22.0	150.0	-203.0	49.0	-33.0	92.0	96.0	59.0	92.0	25.0
4i2x	-226.0	44.0	-79.0	110.0	-33.0	92.0	96.0	59.0	92.0	-57.0
1iqd	-226.0	44.0	-79.0	-42.0	-81.0	92.0	17.0	59.0	92.0	-57.0
3l5x	-22.0	150.0	-79.0	49.0	-33.0	92.0	17.0	59.0	92.0	-3.0
3l5y	-22.0	150.0	-203.0	49.0	-33.0	92.0	17.0	59.0	92.0	-3.0
4edw	-92.0	150.0	-203.0	110.0	-33.0	92.0	17.0	59.0	92.0	25.0
2b1a	-22.0	44.0	-79.0	110.0	-81.0	92.0	17.0	59.0	92.0	25.0
2b1h	-22.0	44.0	-79.0	110.0	-81.0	92.0	17.0	59.0	92.0	-57.0
4fz8	-92.0	44.0	-79.0	110.0	-33.0	92.0	17.0	59.0	96.0	25.0
4yhz	49.0	44.0	-79.0	110.0	-81.0	92.0	17.0	59.0	92.0	-41.0
2uzi	-92.0	44.0	-79.0	110.0	-81.0	92.0	17.0	59.0	96.0	-3.0
3hi1	49.0	150.0	-79.0	110.0	-81.0	92.0	17.0	59.0	92.0	-3.0
3hi6	92.0	44.0	-79.0	110.0	-81.0	92.0	17.0	59.0	92.0	-57.0
3dvg	-226.0	44.0	-79.0	110.0	-81.0	92.0	17.0	59.0	92.0	25.0
3dvn	-226.0	44.0	-79.0	110.0	-33.0	92.0	17.0	59.0	92.0	-3.0
3grw	49.0	44.0	-79.0	110.0	-81.0	92.0	17.0	59.0	92.0	-57.0
2eiz	49.0	150.0	-203.0	110.0	-33.0	17.0	17.0	59.0	96.0	-3.0
4m8q	49.0	44.0	-79.0	175.0	-81.0	92.0	17.0	59.0	92.0	-57.0
5c7x	-92.0	44.0	-203.0	-39.0	-81.0	92.0	17.0	59.0	96.0	25.0
3be1	-226.0	44.0	-79.0	110.0	-81.0	92.0	17.0	49.0	92.0	-57.0
4o58	-92.0	44.0	-79.0	110.0	-33.0	92.0	17.0	59.0	92.0	-57.0
4jb9	-226.0	44.0	96.0	175.0	96.0	92.0	96.0	44.0	92.0	-57.0
2fx8	49.0	44.0	-79.0	110.0	-33.0	92.0	17.0	59.0	92.0	-57.0
2fx9	49.0	44.0	-79.0	110.0	-81.0	92.0	17.0	59.0	92.0	-57.0
2fx7	49.0	44.0	-79.0	-42.0	-81.0	92.0	17.0	59.0	92.0	-87.0
2nxy	95.0	44.0	-79.0	-42.0	-33.0	92.0	96.0	59.0	92.0	-87.0
2nxz	95.0	44.0	-79.0	-42.0	-81.0	92.0	96.0	59.0	92.0	-57.0
3u30	49.0	44.0	-79.0	110.0	-33.0	92.0	17.0	59.0	92.0	25.0
4xgz	-226.0	44.0	-79.0	110.0	-81.0	92.0	17.0	59.0	92.0	-57.0
4g7v	-226.0	44.0	-79.0	110.0	-33.0	92.0	17.0	59.0	92.0	25.0
5d72	-92.0	44.0	-79.0	-39.0	-33.0	92.0	17.0	59.0	92.0	-3.0
1jps	-226.0	44.0	-79.0	110.0	-81.0	92.0	17.0	59.0	92.0	-57.0
5d70	-92.0	44.0	-79.0	110.0	-81.0	92.0	17.0	59.0	96.0	-3.0
5d71	-92.0	44.0	-79.0	110.0	-81.0	92.0	17.0	59.0	96.0	-3.0
4g7y	-226.0	44.0	-79.0	110.0	-33.0	92.0	17.0	59.0	92.0	25.0
4y5y	95.0	44.0	-79.0	110.0	-81.0	92.0	17.0	59.0	92.0	10.0
3ob0	-92.0	44.0	-41.0	110.0	-81.0	92.0	17.0	59.0	92.0	44.0
3b2u	49.0	150.0	-79.0	110.0	-33.0	92.0	17.0	59.0	92.0	25.0
4hha	-226.0	44.0	-203.0	-44.0	-81.0	92.0	96.0	59.0	92.0	25.0
4xh2	-226.0	44.0	-79.0	-42.0	-81.0	92.0	17.0	59.0	92.0	-57.0
4y5v	49.0	44.0	-203.0	-42.0	-81.0	92.0	17.0	59.0	92.0	-3.0
4hcr	-92.0	44.0	-79.0	110.0	-33.0	92.0	17.0	59.0	92.0	-57.0
3d85	-226.0	44.0	-79.0	110.0	-81.0	92.0	17.0	59.0	96.0	10.0
1rzj	95.0	44.0	-79.0	-42.0	-33.0	92.0	96.0	59.0	92.0	-87.0
5f9o	-226.0	44.0	-79.0	110.0	-81.0	-81.0	17.0	44.0	92.0	-114.0
4i77	-92.0	150.0	-79.0	49.0	-33.0	92.0	17.0	59.0	92.0	-3.0
4jpw	-226.0	92.0	-79.0	110.0	-33.0	92.0	17.0	59.0	92.0	-57.0
4ps4	-22.0	150.0	-203.0	49.0	-33.0	92.0	17.0	59.0	92.0	-3.0
4rrp	-226.0	44.0	-79.0	110.0	-33.0	92.0	17.0	59.0	92.0	-57.0
2wuc	-226.0	44.0	-79.0	-39.0	-33.0	92.0	17.0	49.0	96.0	25.0
1w72	-226.0	44.0	-79.0	110.0	-81.0	92.0	17.0	59.0	92.0	-3.0
2jb6	-92.0	44.0	-79.0	110.0	-81.0	92.0	17.0	59.0	92.0	-57.0
3u4e	-226.0	44.0	-79.0	-42.0	-81.0	92.0	96.0	44.0	92.0	-10.0
4nzr	-22.0	44.0	-53.0	110.0	-81.0	92.0	96.0	59.0	92.0	44.0
2jb5	-92.0	44.0	-79.0	-42.0	-33.0	92.0	17.0	59.0	92.0	-57.0
4nzt	49.0	44.0	-79.0	110.0	-33.0	92.0	96.0	59.0	92.0	-57.0
4irz	-226.0	44.0	-79.0	-44.0	-33.0	92.0	17.0	59.0	92.0	-238.0
2yc1	-226.0	-81.0	-79.0	110.0	-81.0	92.0	17.0	59.0	92.0	-3.0
4lmq	-226.0	44.0	-203.0	175.0	-81.0	92.0	17.0	59.0	92.0	-57.0
4ogx	51.0	44.0	-79.0	110.0	-81.0	92.0	17.0	59.0	92.0	-3.0
4ogy	51.0	44.0	-79.0	110.0	-81.0	92.0	17.0	59.0	92.0	-3.0
4xc1	49.0	44.0	-79.0	-42.0	-81.0	92.0	17.0	59.0	92.0	-87.0
4xc3	49.0	44.0	-79.0	110.0	-81.0	92.0	17.0	49.0	96.0	-87.0
4dvr	17.0	44.0	-79.0	110.0	-81.0	92.0	17.0	59.0	92.0	-57.0
3drq	-22.0	150.0	-203.0	49.0	-33.0	92.0	96.0	59.0	92.0	25.0
3mxw	-226.0	44.0	-203.0	59.0	-81.0	92.0	17.0	59.0	92.0	-87.0
3qnz	-226.0	44.0	-79.0	110.0	-33.0	92.0	17.0	44.0	96.0	-3.0
4s1q	-226.0	44.0	-81.0	175.0	-81.0	92.0	96.0	44.0	92.0	-57.0
2fjg	-226.0	44.0	-79.0	110.0	-81.0	92.0	17.0	59.0	92.0	-57.0
4mwf	-92.0	44.0	-203.0	110.0	-81.0	92.0	17.0	44.0	92.0	-57.0
4xcf	49.0	44.0	-79.0	110.0	-33.0	92.0	17.0	59.0	96.0	-87.0
4cni	-92.0	44.0	-79.0	110.0	-81.0	92.0	17.0	59.0	92.0	10.0
4nhc	49.0	44.0	-79.0	110.0	-81.0	92.0	17.0	59.0	92.0	-57.0
4ris	-22.0	44.0	-79.0	-42.0	-81.0	92.0	17.0	59.0	92.0	-57.0
4ptu	-226.0	44.0	-79.0	110.0	-81.0	92.0	17.0	59.0	92.0	-41.0
2p8p	-22.0	150.0	-203.0	49.0	-33.0	92.0	96.0	59.0	92.0	-3.0
4fqi	49.0	44.0	-79.0	-42.0	-81.0	92.0	96.0	59.0	92.0	-87.0
4fqj	95.0	44.0	-79.0	110.0	-81.0	92.0	17.0	59.0	92.0	25.0
2p8l	-22.0	150.0	-79.0	49.0	-33.0	92.0	96.0	59.0	92.0	25.0
2p8m	-22.0	150.0	-203.0	49.0	-33.0	92.0	96.0	59.0	92.0	-3.0
2vxq	49.0	150.0	-79.0	110.0	-81.0	92.0	17.0	59.0	92.0	-3.0
2vxs	49.0	44.0	-79.0	110.0	-81.0	92.0	17.0	59.0	92.0	-3.0
4zff	-226.0	44.0	-79.0	110.0	-81.0	92.0	17.0	59.0	92.0	-57.0
4zfg	-226.0	44.0	-79.0	110.0	-33.0	92.0	17.0	59.0	92.0	-57.0
2wub	-226.0	44.0	-203.0	110.0	-81.0	92.0	17.0	59.0	96.0	-3.0
1nl0	-226.0	44.0	-79.0	110.0	-81.0	92.0	17.0	59.0	92.0	24.0
4kxz	49.0	44.0	-203.0	175.0	-81.0	92.0	17.0	59.0	92.0	-57.0
3c2a	-92.0	44.0	-238.0	110.0	-81.0	92.0	49.0	95.0	92.0	-10.0
3r1g	-226.0	44.0	-79.0	110.0	-81.0	92.0	17.0	59.0	92.0	25.0
5bvp	-92.0	44.0	-79.0	110.0	-81.0	92.0	17.0	59.0	92.0	-57.0
5ies	-226.0	44.0	-79.0	110.0	-33.0	92.0	17.0	59.0	92.0	-57.0
2qqk	-226.0	44.0	-79.0	110.0	-81.0	92.0	17.0	59.0	92.0	-3.0
2qqn	49.0	44.0	-79.0	110.0	-81.0	92.0	17.0	59.0	92.0	-3.0
3u0t	-226.0	44.0	10.0	110.0	-81.0	92.0	17.0	59.0	92.0	-87.0
5bv7	49.0	150.0	-79.0	110.0	-81.0	92.0	17.0	59.0	92.0	-3.0
4j6r	-203.0	150.0	-79.0	71.0	59.0	92.0	17.0	59.0	92.0	-87.0
4xmp	-92.0	44.0	-79.0	-42.0	-33.0	92.0	96.0	44.0	92.0	-87.0
2xwt	-22.0	44.0	-79.0	110.0	-33.0	92.0	17.0	44.0	92.0	44.0
2f5b	-22.0	150.0	-203.0	49.0	-33.0	92.0	96.0	59.0	92.0	25.0
1u95	-22.0	150.0	-203.0	49.0	-33.0	92.0	96.0	59.0	92.0	25.0
3gjf	49.0	44.0	-79.0	-42.0	-81.0	92.0	17.0	59.0	92.0	-3.0
1u91	-22.0	150.0	-203.0	49.0	-33.0	92.0	96.0	59.0	92.0	25.0
1u93	-22.0	150.0	-203.0	49.0	-33.0	92.0	96.0	59.0	92.0	25.0
1u92	-22.0	150.0	-203.0	49.0	-33.0	92.0	96.0	59.0	92.0	25.0
2cmr	59.0	-9.0	-79.0	175.0	-81.0	96.0	52.0	49.0	96.0	14.0
4wy7	49.0	44.0	-79.0	-42.0	-81.0	92.0	17.0	59.0	92.0	-57.0
1q1j	-92.0	44.0	10.0	110.0	-33.0	92.0	49.0	95.0	92.0	-10.0
3se9	-61.0	44.0	-79.0	175.0	-33.0	96.0	140.0	49.0	96.0	-44.0
3se8	-226.0	44.0	-81.0	175.0	96.0	92.0	96.0	44.0	92.0	-87.0
4g6a	-92.0	150.0	-304.0	-10.0	-81.0	17.0	17.0	59.0	92.0	-3.0
4hij	-226.0	44.0	-79.0	110.0	-81.0	92.0	17.0	59.0	92.0	-57.0
4hii	-226.0	44.0	-79.0	110.0	-33.0	92.0	17.0	59.0	92.0	25.0
4hih	-226.0	44.0	-79.0	110.0	-33.0	92.0	17.0	59.0	92.0	-57.0
1zlu	-92.0	44.0	-41.0	110.0	-33.0	96.0	17.0	59.0	92.0	44.0
1zlw	-92.0	44.0	-41.0	110.0	-81.0	92.0	17.0	59.0	92.0	44.0
1zlv	-92.0	44.0	-41.0	110.0	-81.0	92.0	17.0	59.0	92.0	44.0
4g6j	-92.0	44.0	-79.0	110.0	-33.0	92.0	17.0	59.0	92.0	-57.0
4g6m	-22.0	150.0	-203.0	110.0	-33.0	92.0	96.0	59.0	92.0	-3.0
2ny7	-226.0	44.0	-203.0	71.0	96.0	92.0	17.0	59.0	92.0	-10.0
2ny6	95.0	44.0	-79.0	-42.0	-81.0	92.0	96.0	59.0	92.0	-57.0
2ny5	95.0	44.0	-79.0	-39.0	-81.0	92.0	96.0	59.0	92.0	-57.0
2ny4	95.0	44.0	-79.0	-39.0	-81.0	92.0	96.0	59.0	92.0	-87.0
2ny3	95.0	44.0	-79.0	-42.0	-81.0	92.0	96.0	59.0	92.0	-87.0
2ny2	95.0	44.0	-79.0	-42.0	-81.0	92.0	96.0	59.0	92.0	-87.0
2ny1	95.0	44.0	-79.0	-39.0	-81.0	92.0	96.0	59.0	92.0	-57.0
2ny0	95.0	44.0	-79.0	-42.0	-81.0	92.0	96.0	59.0	92.0	-57.0
2yss	49.0	150.0	-83.0	110.0	-33.0	17.0	17.0	59.0	96.0	-3.0
5i8o	-226.0	44.0	-79.0	110.0	-81.0	92.0	96.0	59.0	96.0	44.0
4xvj	49.0	44.0	-79.0	110.0	-81.0	92.0	96.0	59.0	92.0	25.0
1h0d	49.0	44.0	-203.0	71.0	-81.0	92.0	17.0	95.0	92.0	-3.0
5csz	49.0	44.0	-79.0	110.0	-81.0	92.0	17.0	59.0	92.0	-57.0
4xvs	-92.0	44.0	-79.0	110.0	-33.0	92.0	96.0	59.0	92.0	-41.0
4xvt	-92.0	44.0	-79.0	110.0	-81.0	92.0	96.0	59.0	92.0	71.0
4ob5	49.0	44.0	-203.0	-39.0	-33.0	92.0	17.0	59.0	92.0	-57.0
3so3	49.0	44.0	-79.0	-42.0	-81.0	92.0	17.0	44.0	92.0	-57.0
4ywg	49.0	150.0	-79.0	110.0	-81.0	92.0	17.0	59.0	92.0	-57.0
4np4	-22.0	44.0	-203.0	110.0	-33.0	92.0	17.0	59.0	92.0	-57.0
1tzg	49.0	44.0	-79.0	-42.0	-33.0	92.0	17.0	59.0	92.0	-87.0
3nh7	-92.0	44.0	-79.0	110.0	-81.0	92.0	17.0	59.0	92.0	25.0
4om0	-92.0	150.0	-81.0	-44.0	59.0	92.0	96.0	95.0	92.0	-57.0
4om1	-92.0	150.0	-81.0	-44.0	59.0	92.0	96.0	95.0	92.0	-57.0
3jwd	17.0	44.0	-79.0	110.0	-81.0	92.0	17.0	59.0	92.0	-57.0
5d6c	-61.0	-9.0	-87.0	110.0	-33.0	96.0	52.0	49.0	96.0	-3.0
3t2n	-41.0	44.0	-79.0	110.0	-81.0	92.0	17.0	59.0	92.0	-57.0
4j4p	-92.0	-81.0	-203.0	175.0	-81.0	92.0	17.0	59.0	92.0	-41.0
5if0	-226.0	44.0	-79.0	110.0	-33.0	92.0	17.0	59.0	92.0	-57.0
3sob	-226.0	44.0	-79.0	110.0	-33.0	92.0	17.0	59.0	92.0	-57.0
4rnr	-22.0	44.0	-79.0	110.0	-81.0	92.0	-61.0	44.0	92.0	-88.0
4dn4	49.0	44.0	-79.0	110.0	-33.0	92.0	17.0	59.0	92.0	-57.0
4ye4	-159.0	-81.0	-79.0	110.0	-81.0	92.0	96.0	44.0	92.0	24.0
4ot1	44.0	44.0	-79.0	-42.0	-81.0	92.0	96.0	59.0	92.0	-57.0
4rav	49.0	44.0	-79.0	110.0	-81.0	92.0	17.0	59.0	96.0	71.0
1yym	95.0	44.0	-79.0	-39.0	-33.0	92.0	96.0	59.0	92.0	-57.0
1yyl	95.0	44.0	-79.0	110.0	-33.0	92.0	96.0	59.0	92.0	-57.0
4tsa	49.0	44.0	-79.0	110.0	-81.0	92.0	17.0	59.0	96.0	47.0
4tsc	49.0	44.0	-79.0	-42.0	-81.0	92.0	17.0	59.0	92.0	-10.0
4tsb	49.0	44.0	-79.0	-42.0	-81.0	92.0	17.0	59.0	92.0	-10.0
1gaf	-226.0	44.0	-79.0	110.0	-81.0	92.0	17.0	59.0	96.0	-57.0
3lev	-22.0	150.0	-203.0	49.0	-33.0	92.0	96.0	59.0	92.0	25.0
5dur	49.0	-81.0	-203.0	-39.0	-33.0	92.0	17.0	59.0	92.0	25.0
2ybr	-226.0	-81.0	-79.0	110.0	-81.0	92.0	17.0	59.0	92.0	-87.0
4xrc	49.0	44.0	-203.0	110.0	-33.0	92.0	17.0	59.0	92.0	-3.0
5ea0	-226.0	44.0	-79.0	110.0	-81.0	92.0	17.0	59.0	92.0	-10.0
4m1d	-92.0	44.0	-79.0	110.0	-81.0	92.0	49.0	95.0	92.0	-10.0
4rwy	-61.0	93.0	-79.0	175.0	-77.0	96.0	52.0	49.0	96.0	-57.0
4wv1	49.0	44.0	-79.0	110.0	-81.0	92.0	17.0	59.0	92.0	25.0
2xtj	49.0	44.0	-79.0	110.0	-33.0	92.0	17.0	59.0	96.0	-57.0
4r8w	49.0	44.0	-79.0	110.0	-65.0	92.0	96.0	59.0	92.0	-57.0
4hwb	-22.0	44.0	-79.0	110.0	-81.0	92.0	17.0	59.0	92.0	-57.0
5i8c	-226.0	44.0	-79.0	110.0	-81.0	92.0	17.0	59.0	92.0	-87.0
4xnm	49.0	44.0	-203.0	110.0	-33.0	92.0	17.0	59.0	92.0	-3.0
3qo0	-226.0	44.0	-79.0	110.0	-33.0	92.0	17.0	44.0	92.0	-3.0
4xnq	49.0	44.0	-79.0	110.0	-33.0	92.0	17.0	59.0	92.0	-3.0
2hfg	-226.0	44.0	-79.0	110.0	-81.0	92.0	17.0	59.0	92.0	25.0
4xny	-92.0	44.0	-79.0	71.0	-77.0	92.0	17.0	44.0	92.0	-57.0
1axs	-159.0	44.0	-203.0	175.0	-81.0	92.0	17.0	59.0	92.0	-57.0
4ngh	49.0	44.0	-79.0	110.0	-33.0	92.0	17.0	59.0	92.0	-57.0
3ru8	-226.0	44.0	-203.0	-44.0	96.0	92.0	17.0	59.0	92.0	-10.0
3lzf	49.0	150.0	-79.0	49.0	-33.0	92.0	17.0	59.0	96.0	-41.0
4n0y	-226.0	44.0	-79.0	-44.0	-81.0	92.0	49.0	59.0	92.0	-87.0
4nnp	-226.0	44.0	-79.0	110.0	-81.0	92.0	17.0	59.0	92.0	25.0
4xaw	49.0	44.0	-79.0	-42.0	-81.0	92.0	17.0	49.0	96.0	-87.0
4rbp	-92.0	44.0	-41.0	110.0	-81.0	92.0	17.0	59.0	92.0	44.0
3skj	59.0	44.0	-79.0	110.0	-33.0	92.0	17.0	59.0	92.0	25.0
4xxd	49.0	44.0	-79.0	110.0	-33.0	-81.0	17.0	59.0	96.0	-3.0
4yhp	49.0	44.0	-79.0	110.0	-81.0	92.0	17.0	59.0	92.0	-41.0
4dkf	49.0	44.0	-79.0	110.0	-33.0	92.0	17.0	59.0	92.0	-57.0
1zls	-92.0	44.0	-41.0	110.0	-81.0	92.0	17.0	59.0	92.0	44.0
3g04	-92.0	44.0	-79.0	-42.0	-81.0	92.0	17.0	59.0	92.0	-57.0
4jkp	-92.0	150.0	-81.0	-44.0	59.0	92.0	96.0	95.0	92.0	-41.0
4xwg	-226.0	44.0	-79.0	110.0	-81.0	92.0	17.0	59.0	92.0	-57.0
4yhi	-226.0	44.0	-203.0	175.0	-81.0	92.0	17.0	95.0	92.0	-57.0
4yhk	-226.0	44.0	-203.0	175.0	-81.0	92.0	17.0	95.0	92.0	25.0
4yhm	-226.0	44.0	-203.0	175.0	-81.0	92.0	17.0	95.0	92.0	-57.0
3nfp	-226.0	44.0	-79.0	110.0	-81.0	92.0	17.0	59.0	96.0	-57.0
4yho	-226.0	44.0	-203.0	175.0	-81.0	92.0	17.0	95.0	92.0	-87.0
3mod	-22.0	150.0	-203.0	49.0	-33.0	92.0	96.0	59.0	92.0	25.0
1hez	-226.0	44.0	-79.0	110.0	-33.0	92.0	17.0	59.0	96.0	-57.0
1g9n	95.0	44.0	-203.0	-42.0	-81.0	92.0	96.0	59.0	92.0	-57.0
1g9m	95.0	44.0	-79.0	-42.0	-33.0	92.0	96.0	59.0	92.0	-87.0
4g6f	95.0	44.0	-79.0	-42.0	-33.0	92.0	96.0	59.0	92.0	-41.0
3lh2	49.0	44.0	-79.0	110.0	-33.0	92.0	17.0	59.0	92.0	-57.0
4yaq	-226.0	44.0	-79.0	110.0	-81.0	92.0	96.0	44.0	92.0	-10.0
1dee	-226.0	44.0	-79.0	110.0	-81.0	92.0	17.0	59.0	92.0	-3.0
5cbe	49.0	44.0	-79.0	110.0	-81.0	92.0	17.0	59.0	96.0	-57.0
5cba	49.0	44.0	-79.0	110.0	-81.0	92.0	17.0	59.0	92.0	-57.0
5iq9	95.0	44.0	-79.0	110.0	-33.0	92.0	96.0	59.0	92.0	-3.0
3nps	49.0	44.0	-79.0	110.0	-81.0	92.0	17.0	59.0	92.0	-87.0
3ma9	49.0	44.0	-79.0	110.0	-33.0	92.0	17.0	59.0	92.0	-87.0
4m5z	-22.0	150.0	-203.0	110.0	-33.0	92.0	17.0	59.0	92.0	-3.0
4lkx	-92.0	150.0	-203.0	110.0	-33.0	92.0	17.0	59.0	92.0	25.0
3h0t	-92.0	150.0	-203.0	175.0	-81.0	92.0	52.0	59.0	92.0	-12.0
2eks	49.0	150.0	-203.0	110.0	-33.0	92.0	17.0	59.0	96.0	-3.0
3ujj	59.0	44.0	-79.0	-42.0	-33.0	92.0	17.0	59.0	92.0	-87.0
3uji	59.0	44.0	-79.0	-42.0	-33.0	92.0	17.0	59.0	92.0	-87.0
2dd8	49.0	44.0	-79.0	110.0	-33.0	83.0	17.0	59.0	92.0	25.0
4dtg	49.0	44.0	-203.0	71.0	-81.0	92.0	17.0	59.0	96.0	-3.0
3w9e	49.0	44.0	-79.0	110.0	-81.0	92.0	17.0	59.0	92.0	-57.0
4hjg	-226.0	44.0	-79.0	110.0	-33.0	92.0	17.0	49.0	96.0	-87.0
4d9r	-92.0	44.0	-79.0	110.0	-33.0	92.0	17.0	-20.0	92.0	-57.0
4d9q	-92.0	44.0	-79.0	110.0	-33.0	92.0	17.0	-20.0	92.0	-57.0
4xak	49.0	44.0	-79.0	110.0	-33.0	92.0	17.0	59.0	92.0	-57.0
3mac	49.0	44.0	-79.0	110.0	-81.0	92.0	17.0	59.0	92.0	-57.0
4uv7	49.0	150.0	-79.0	-39.0	-81.0	92.0	17.0	59.0	96.0	-57.0
2i60	95.0	44.0	-79.0	110.0	-33.0	92.0	96.0	59.0	92.0	-87.0
4h8w	49.0	44.0	-79.0	-42.0	-81.0	92.0	17.0	59.0	92.0	-3.0
3qcu	-159.0	150.0	-79.0	110.0	-81.0	92.0	96.0	59.0	92.0	-57.0
3gbm	49.0	44.0	-79.0	110.0	-77.0	92.0	17.0	59.0	92.0	-10.0
3gbn	49.0	44.0	-79.0	110.0	59.0	92.0	17.0	59.0	92.0	-10.0
3qcv	-159.0	150.0	-79.0	110.0	-81.0	92.0	96.0	59.0	92.0	-57.0
2vh5	-92.0	44.0	-203.0	110.0	-33.0	92.0	17.0	59.0	96.0	-3.0
3q1s	49.0	150.0	-203.0	-44.0	59.0	92.0	17.0	59.0	92.0	34.0
4hs8	-92.0	44.0	-79.0	110.0	-33.0	92.0	17.0	59.0	92.0	25.0
4hs6	-92.0	150.0	-203.0	49.0	-33.0	92.0	17.0	59.0	92.0	-87.0
pdb_id	35	37	39	44	45	47	91	93	103	105
4od3	-226.0	44.0	-79.0	110.0	-81.0	92.0	17.0	59.0	92.0	25.0
4od1	-226.0	44.0	-79.0	110.0	-81.0	92.0	17.0	59.0	92.0	-3.0
3tcl	-22.0	44.0	-79.0	110.0	-81.0	92.0	17.0	59.0	92.0	-41.0
3m8o	-226.0	44.0	-79.0	110.0	-81.0	92.0	130.0	44.0	96.0	-87.0
4jm4	-22.0	44.0	-53.0	175.0	-81.0	92.0	96.0	59.0	92.0	44.0
4fqq	49.0	150.0	-79.0	110.0	-33.0	92.0	17.0	59.0	92.0	47.0
1fgv	-226.0	51.0	-203.0	110.0	-81.0	92.0	17.0	59.0	92.0	-57.0
4jy5	49.0	150.0	-203.0	-84.0	59.0	92.0	17.0	59.0	92.0	-10.0
2zkh	-61.0	44.0	-203.0	175.0	-81.0	92.0	17.0	49.0	92.0	25.0
4jy6	49.0	150.0	-79.0	-44.0	59.0	92.0	96.0	59.0	92.0	-10.0
3fzu	-61.0	44.0	-79.0	110.0	-81.0	92.0	17.0	59.0	92.0	-3.0
4dn3	49.0	44.0	-79.0	110.0	-33.0	92.0	17.0	59.0	92.0	-57.0
1jv5	-92.0	44.0	-81.0	110.0	-81.0	92.0	17.0	59.0	92.0	-3.0
2agj	-22.0	150.0	-79.0	49.0	-33.0	96.0	17.0	59.0	92.0	25.0
3u7w	-92.0	150.0	-81.0	-44.0	59.0	92.0	96.0	95.0	92.0	-41.0
4fq2	95.0	150.0	-238.0	110.0	-81.0	92.0	17.0	59.0	96.0	-10.0
5fha	-226.0	44.0	-203.0	71.0	-81.0	92.0	17.0	44.0	92.0	-3.0
5fhb	49.0	150.0	-79.0	110.0	-33.0	92.0	17.0	44.0	92.0	-3.0
1l7i	-61.0	44.0	-79.0	110.0	-33.0	92.0	17.0	59.0	92.0	-3.0
4r26	95.0	150.0	-79.0	-39.0	-81.0	92.0	96.0	59.0	96.0	-10.0
4pub	51.0	44.0	-79.0	110.0	-33.0	92.0	17.0	59.0	92.0	10.0
1vge	-226.0	44.0	-79.0	71.0	-81.0	92.0	17.0	59.0	96.0	-87.0
1za6	-226.0	44.0	-203.0	71.0	-81.0	92.0	96.0	95.0	92.0	-57.0
2a9m	49.0	44.0	-79.0	110.0	-81.0	83.0	17.0	59.0	96.0	-79.0
3qnx	-226.0	44.0	-79.0	-42.0	-33.0	92.0	17.0	44.0	96.0	-57.0
3qny	-226.0	44.0	-79.0	110.0	-33.0	92.0	17.0	44.0	96.0	-57.0
4ptt	-226.0	44.0	-79.0	110.0	-81.0	92.0	17.0	59.0	92.0	-41.0
5cgy	-92.0	44.0	-79.0	-42.0	59.0	92.0	17.0	59.0	92.0	-41.0
4llu	-61.0	44.0	-79.0	110.0	-81.0	92.0	17.0	59.0	92.0	-57.0
4llv	49.0	44.0	-79.0	110.0	-81.0	92.0	52.0	59.0	96.0	-57.0
3giz	-226.0	44.0	-79.0	110.0	-81.0	92.0	17.0	59.0	92.0	-3.0
4lly	-61.0	44.0	-83.0	110.0	-81.0	92.0	17.0	59.0	92.0	-57.0
4xcc	49.0	44.0	-79.0	110.0	-81.0	92.0	17.0	59.0	92.0	-57.0
4kq3	49.0	44.0	-79.0	110.0	-81.0	92.0	17.0	59.0	92.0	-87.0
2fjf	-226.0	44.0	-79.0	110.0	-33.0	92.0	17.0	59.0	96.0	-57.0
1rhh	-92.0	44.0	-79.0	110.0	-81.0	92.0	17.0	59.0	92.0	-3.0
3uls	-22.0	150.0	-79.0	110.0	-81.0	92.0	17.0	59.0	92.0	-57.0
3f12	-226.0	44.0	-203.0	110.0	-33.0	92.0	17.0	49.0	96.0	-3.0
3x3g	-92.0	44.0	-79.0	110.0	-81.0	92.0	17.0	59.0	96.0	-57.0
1dql	-226.0	44.0	-79.0	110.0	-81.0	92.0	17.0	59.0	96.0	-57.0
4qf1	-226.0	44.0	-79.0	110.0	-81.0	92.0	17.0	59.0	92.0	-3.0
3l7f	-22.0	150.0	-203.0	49.0	-33.0	92.0	17.0	59.0	92.0	-3.0
1fvd	-226.0	44.0	-79.0	110.0	-33.0	92.0	17.0	49.0	92.0	-57.0
1fvc	-226.0	44.0	-79.0	110.0	-81.0	92.0	17.0	49.0	92.0	-87.0
4qxg	59.0	44.0	-79.0	110.0	-33.0	49.0	17.0	59.0	92.0	-41.0
4rir	-22.0	44.0	-79.0	-42.0	-33.0	92.0	17.0	59.0	96.0	-87.0
3u6r	-203.0	-81.0	-203.0	-39.0	-77.0	92.0	96.0	59.0	92.0	-84.0
4gw4	-226.0	92.0	-79.0	110.0	-81.0	92.0	96.0	59.0	92.0	34.0
5cd3	-226.0	150.0	-79.0	110.0	-81.0	92.0	96.0	44.0	92.0	-84.0
4ygv	-226.0	44.0	-203.0	175.0	-81.0	92.0	17.0	95.0	92.0	-87.0
4fnl	49.0	44.0	-79.0	110.0	-33.0	92.0	17.0	59.0	92.0	-57.0
2pr4	-22.0	150.0	-203.0	49.0	-33.0	92.0	96.0	59.0	92.0	25.0
4fqh	49.0	44.0	-79.0	-42.0	-81.0	92.0	96.0	59.0	92.0	-57.0
4hie	-226.0	44.0	-79.0	110.0	-33.0	92.0	17.0	59.0	92.0	-57.0
3qeg	95.0	44.0	-79.0	-42.0	-33.0	92.0	17.0	59.0	92.0	-87.0
2xza	-22.0	150.0	-203.0	-39.0	-33.0	92.0	17.0	59.0	92.0	-87.0
3oaz	-92.0	44.0	-41.0	110.0	-81.0	92.0	17.0	59.0	92.0	25.0
3lmj	-226.0	44.0	-79.0	-42.0	-81.0	92.0	17.0	59.0	92.0	-57.0
1wt5	-226.0	44.0	-79.0	110.0	-81.0	92.0	17.0	59.0	92.0	-87.0
2vxv	-22.0	44.0	-79.0	-42.0	-33.0	92.0	17.0	59.0	92.0	-79.0
3qeh	44.0	44.0	-79.0	110.0	-33.0	92.0	52.0	59.0	96.0	-238.0
3ncj	49.0	44.0	-79.0	-42.0	-33.0	92.0	17.0	59.0	92.0	-87.0
4nuj	17.0	44.0	-79.0	110.0	-81.0	92.0	-152.0	59.0	92.0	-3.0
3inu	-92.0	44.0	-79.0	110.0	-81.0	92.0	17.0	44.0	92.0	-57.0
1hzh	-226.0	44.0	-203.0	-44.0	140.0	92.0	17.0	59.0	96.0	-10.0
3p0v	-226.0	44.0	-79.0	110.0	-81.0	92.0	17.0	59.0	92.0	-57.0
5i1d	49.0	44.0	-79.0	110.0	-81.0	92.0	17.0	59.0	92.0	-3.0
1aqk	-226.0	44.0	-79.0	110.0	-81.0	92.0	17.0	59.0	92.0	25.0
4oaw	49.0	44.0	-81.0	175.0	-81.0	92.0	17.0	59.0	92.0	-57.0
3hc4	-226.0	44.0	-203.0	175.0	-81.0	92.0	17.0	59.0	92.0	-57.0
4ky1	-226.0	44.0	-79.0	110.0	-81.0	92.0	52.0	59.0	96.0	-57.0
5cip	49.0	44.0	-79.0	110.0	-33.0	92.0	17.0	59.0	92.0	-57.0
3hc0	-226.0	44.0	-203.0	175.0	-81.0	92.0	17.0	59.0	92.0	-87.0
4jy4	49.0	150.0	84.0	110.0	-81.0	92.0	52.0	59.0	92.0	-92.0
1hkl	-226.0	44.0	-203.0	110.0	-33.0	92.0	17.0	59.0	96.0	-57.0
3hc3	-226.0	44.0	-203.0	175.0	-81.0	92.0	17.0	59.0	92.0	-57.0
3u1s	-226.0	44.0	-79.0	110.0	-33.0	92.0	17.0	-81.0	92.0	-41.0
5bvj	-92.0	44.0	-79.0	-42.0	-81.0	92.0	17.0	59.0	92.0	-3.0
5i8e	-226.0	44.0	-79.0	110.0	-81.0	92.0	17.0	59.0	92.0	-57.0
3qo1	-226.0	44.0	-79.0	110.0	-33.0	92.0	17.0	44.0	92.0	-3.0
4eow	-304.0	44.0	-79.0	110.0	-81.0	92.0	17.0	59.0	96.0	-41.0
2hff	-226.0	44.0	-79.0	110.0	-81.0	92.0	17.0	59.0	92.0	-57.0
3dif	-226.0	44.0	-203.0	175.0	-81.0	92.0	96.0	59.0	92.0	-57.0
4imk	-226.0	44.0	-79.0	110.0	-81.0	92.0	17.0	59.0	92.0	-57.0
4x0k	-92.0	44.0	-203.0	175.0	-81.0	92.0	17.0	59.0	92.0	-57.0
4iml	-226.0	44.0	-203.0	110.0	-33.0	92.0	17.0	59.0	92.0	-57.0
4fql	-226.0	44.0	-79.0	-42.0	-81.0	92.0	17.0	59.0	92.0	-3.0
5ifa	-226.0	44.0	-203.0	-42.0	-81.0	92.0	17.0	59.0	92.0	-87.0
4odh	-226.0	44.0	-203.0	110.0	-33.0	92.0	17.0	59.0	96.0	25.0
1fve	-226.0	44.0	-79.0	110.0	-81.0	92.0	17.0	49.0	96.0	25.0
5i18	49.0	44.0	-79.0	-42.0	-33.0	92.0	17.0	59.0	92.0	-87.0
4hfw	-226.0	44.0	-20.0	110.0	-33.0	92.0	17.0	59.0	92.0	-57.0
4zd3	-22.0	44.0	-79.0	110.0	-81.0	92.0	17.0	59.0	92.0	-57.0
3qhz	49.0	150.0	-203.0	49.0	-33.0	92.0	17.0	59.0	92.0	71.0
1mim	-226.0	150.0	-203.0	110.0	-81.0	92.0	17.0	49.0	92.0	25.0
3qhf	49.0	150.0	-79.0	49.0	-33.0	92.0	17.0	59.0	92.0	-41.0
4nwt	49.0	44.0	-203.0	110.0	96.0	92.0	17.0	59.0	92.0	-57.0
4zyk	-226.0	44.0	-79.0	110.0	-81.0	92.0	17.0	59.0	96.0	-3.0
5i8k	49.0	44.0	-79.0	110.0	-33.0	92.0	96.0	59.0	96.0	-87.0
5cex	49.0	150.0	-79.0	110.0	-81.0	92.0	17.0	59.0	92.0	-3.0
5c2b	49.0	44.0	-79.0	-42.0	-81.0	92.0	17.0	59.0	92.0	-57.0
4fqc	49.0	150.0	-152.0	110.0	-81.0	92.0	17.0	59.0	92.0	-26.0
4nyl	-226.0	44.0	-79.0	110.0	-81.0	92.0	17.0	59.0	92.0	-3.0
4jdv	-226.0	44.0	-79.0	-42.0	-33.0	92.0	17.0	59.0	92.0	-87.0
3kym	96.0	44.0	-79.0	110.0	-81.0	92.0	17.0	49.0	96.0	24.0
2fb4	17.0	44.0	-79.0	110.0	-81.0	92.0	96.0	59.0	92.0	-3.0
4x7s	-92.0	150.0	-79.0	110.0	-81.0	92.0	17.0	59.0	92.0	-57.0
4hk0	-226.0	44.0	-79.0	110.0	-33.0	92.0	17.0	59.0	92.0	-57.0
4gxv	-226.0	44.0	-79.0	110.0	-81.0	92.0	17.0	59.0	92.0	25.0
4xml	95.0	44.0	-79.0	110.0	-81.0	92.0	96.0	59.0	92.0	25.0
3eo9	-92.0	44.0	-203.0	-42.0	-81.0	92.0	17.0	59.0	92.0	-87.0
4nwu	47.0	-9.0	-203.0	175.0	140.0	96.0	52.0	59.0	96.0	-57.0
1t3f	-92.0	44.0	-79.0	-42.0	-33.0	92.0	17.0	59.0	92.0	-87.0
4yhy	49.0	44.0	-79.0	110.0	-81.0	92.0	17.0	59.0	92.0	-41.0
3qos	49.0	44.0	-79.0	110.0	-33.0	92.0	17.0	59.0	92.0	-3.0
3qot	49.0	44.0	-79.0	-42.0	-33.0	92.0	17.0	59.0	92.0	-87.0
3n9g	-226.0	44.0	-79.0	-42.0	-81.0	92.0	17.0	59.0	92.0	-87.0
5f7e	-226.0	44.0	-79.0	110.0	-81.0	92.0	17.0	59.0	92.0	71.0
2xa8	-92.0	150.0	-203.0	110.0	-81.0	92.0	17.0	59.0	92.0	-57.0
5chn	-226.0	44.0	-79.0	-42.0	-81.0	92.0	17.0	59.0	92.0	-87.0
8fab	-226.0	44.0	-79.0	-42.0	-81.0	92.0	17.0	59.0	92.0	-57.0
2f5a	-22.0	150.0	-203.0	49.0	-33.0	92.0	96.0	59.0	92.0	25.0
4lri	96.0	44.0	-79.0	110.0	-81.0	92.0	17.0	59.0	92.0	-3.0
4lrn	49.0	44.0	-238.0	-42.0	-81.0	92.0	17.0	59.0	92.0	-57.0
3gje	49.0	44.0	-79.0	110.0	-81.0	92.0	17.0	59.0	92.0	-57.0
4nrz	-22.0	44.0	-79.0	110.0	-81.0	92.0	17.0	59.0	92.0	-238.0
4ocr	-22.0	44.0	-79.0	110.0	-81.0	92.0	17.0	59.0	92.0	25.0
4ocs	-226.0	44.0	-79.0	110.0	-81.0	92.0	17.0	59.0	92.0	25.0
1b4j	-92.0	44.0	-79.0	110.0	-33.0	92.0	17.0	59.0	96.0	-3.0
7fab	95.0	44.0	-79.0	-42.0	-33.0	92.0	17.0	59.0	92.0	25.0
3hi5	92.0	44.0	-203.0	110.0	-81.0	92.0	17.0	59.0	92.0	-57.0
4hh9	-226.0	44.0	-203.0	71.0	-81.0	92.0	96.0	59.0	92.0	25.0
4jpi	-226.0	44.0	-79.0	-42.0	-81.0	92.0	17.0	59.0	92.0	-87.0
5d7s	-92.0	44.0	-79.0	110.0	-81.0	92.0	17.0	59.0	96.0	-3.0
4kmt	-22.0	44.0	-203.0	110.0	-81.0	92.0	17.0	59.0	92.0	-87.0
1u6a	49.0	150.0	-203.0	110.0	-81.0	92.0	52.0	59.0	96.0	-3.0
5cck	-226.0	44.0	-79.0	-42.0	-81.0	92.0	96.0	59.0	92.0	-41.0
4ut7	-226.0	44.0	-79.0	110.0	-81.0	92.0	17.0	44.0	92.0	-3.0
1opg	49.0	44.0	-203.0	71.0	-81.0	92.0	17.0	95.0	92.0	25.0
4hqq	44.0	44.0	-79.0	110.0	-33.0	92.0	17.0	59.0	92.0	-87.0
4toy	-92.0	150.0	-79.0	175.0	-77.0	92.0	96.0	59.0	92.0	-87.0
4g6k	-22.0	150.0	-203.0	-42.0	-33.0	92.0	96.0	59.0	92.0	-3.0
4hwe	-22.0	44.0	-79.0	-39.0	-33.0	92.0	17.0	59.0	92.0	-57.0
4yhl	-226.0	44.0	-79.0	110.0	-33.0	92.0	17.0	95.0	92.0	-87.0
3nfs	-226.0	44.0	-203.0	175.0	-81.0	92.0	17.0	59.0	96.0	-57.0
4yhn	-226.0	44.0	-203.0	175.0	-81.0	92.0	17.0	95.0	92.0	-57.0
4nm4	-226.0	44.0	-203.0	59.0	-81.0	92.0	96.0	59.0	92.0	-10.0
4py7	-226.0	44.0	-79.0	110.0	-81.0	92.0	17.0	59.0	92.0	25.0
1jpt	-226.0	44.0	-79.0	110.0	-81.0	92.0	17.0	59.0	92.0	-57.0
4nug	17.0	44.0	-79.0	110.0	-81.0	92.0	-152.0	59.0	92.0	-3.0
3eyo	-226.0	44.0	-79.0	110.0	-33.0	92.0	17.0	59.0	92.0	-3.0
4f57	-92.0	44.0	-79.0	110.0	-81.0	92.0	17.0	59.0	92.0	-3.0
4osu	44.0	44.0	-79.0	-42.0	-81.0	92.0	96.0	59.0	92.0	-87.0
3eyq	-34.0	-9.0	-79.0	110.0	-33.0	96.0	52.0	59.0	96.0	10.0
3dgg	-226.0	44.0	-203.0	110.0	-33.0	92.0	17.0	59.0	92.0	-87.0
4npy	49.0	150.0	-79.0	110.0	-33.0	92.0	17.0	59.0	92.0	-10.0
4fze	49.0	44.0	-79.0	110.0	-33.0	92.0	17.0	59.0	96.0	-87.0
3aaz	49.0	150.0	-203.0	49.0	-33.0	92.0	17.0	59.0	92.0	-3.0
1qlr	49.0	150.0	-203.0	110.0	-33.0	92.0	17.0	59.0	92.0	-57.0
4o5l	-92.0	44.0	-79.0	110.0	-33.0	92.0	17.0	59.0	92.0	-87.0
4evn	49.0	44.0	-79.0	110.0	64.0	92.0	17.0	59.0	92.0	-10.0
1igm	49.0	44.0	-203.0	110.0	-81.0	92.0	17.0	59.0	92.0	-87.0
3rpi	-226.0	92.0	-203.0	110.0	-81.0	92.0	140.0	59.0	96.0	65.0
3qrg	49.0	150.0	-203.0	49.0	-33.0	92.0	17.0	59.0	92.0	-3.0
1ad9	-92.0	51.0	-203.0	110.0	-81.0	92.0	96.0	59.0	96.0	-57.0
5bzd	49.0	150.0	-203.0	110.0	-33.0	92.0	17.0	59.0	96.0	-3.0
4m5y	-22.0	150.0	-79.0	110.0	-33.0	92.0	17.0	59.0	92.0	-3.0
2d7t	-226.0	44.0	-79.0	110.0	-33.0	17.0	17.0	59.0	92.0	-57.0
1ucb	17.0	44.0	-203.0	-41.0	-81.0	92.0	17.0	59.0	92.0	-57.0
4lkc	-226.0	44.0	-79.0	110.0	-33.0	92.0	17.0	44.0	92.0	25.0
2aj3	95.0	44.0	-203.0	110.0	-33.0	92.0	17.0	59.0	92.0	-41.0
4nki	51.0	44.0	-79.0	110.0	-81.0	92.0	17.0	59.0	92.0	-3.0
4xbp	49.0	44.0	-79.0	110.0	-81.0	92.0	17.0	59.0	92.0	-57.0
4jam	49.0	-81.0	-81.0	175.0	-81.0	92.0	96.0	59.0	96.0	71.0
3u46	-22.0	44.0	-79.0	110.0	-33.0	92.0	17.0	59.0	92.0	-41.0
1rzg	-92.0	44.0	-79.0	-42.0	-33.0	92.0	17.0	59.0	92.0	-41.0
1rzf	49.0	44.0	-79.0	-42.0	-81.0	92.0	17.0	59.0	92.0	-87.0
4llw	-61.0	44.0	17.0	175.0	-81.0	92.0	17.0	59.0	92.0	-57.0
4g5z	-92.0	44.0	-79.0	110.0	-81.0	92.0	17.0	59.0	92.0	-87.0
1dfb	-226.0	44.0	-79.0	110.0	-81.0	92.0	17.0	44.0	92.0	-3.0
3na9	-22.0	44.0	-79.0	-42.0	-81.0	92.0	17.0	59.0	92.0	-87.0
5bq7	95.0	44.0	-79.0	110.0	-33.0	92.0	96.0	59.0	92.0	-57.0
4wuk	-92.0	44.0	-79.0	-42.0	-33.0	92.0	17.0	59.0	96.0	-3.0
4x4x	-226.0	44.0	-238.0	110.0	-33.0	92.0	17.0	49.0	92.0	-57.0
4x4y	-226.0	44.0	-238.0	110.0	-33.0	92.0	17.0	49.0	92.0	10.0
3w9d	59.0	44.0	-203.0	110.0	-33.0	96.0	52.0	59.0	96.0	10.0
5f6i	49.0	44.0	-79.0	-42.0	-81.0	92.0	17.0	59.0	92.0	-3.0
5f6h	150.0	44.0	-79.0	110.0	-81.0	92.0	17.0	59.0	96.0	-57.0
3zl4	-22.0	150.0	-79.0	110.0	-33.0	92.0	17.0	59.0	92.0	25.0
3gkw	52.0	-9.0	-79.0	175.0	-81.0	96.0	140.0	55.0	96.0	-87.0
3g6a	-92.0	44.0	-79.0	-42.0	-81.0	92.0	17.0	59.0	92.0	-3.0
4m6o	-92.0	44.0	-79.0	110.0	-33.0	92.0	17.0	59.0	92.0	25.0
4m6n	-22.0	44.0	-79.0	-42.0	-33.0	92.0	17.0	59.0	96.0	-87.0
4m6m	-22.0	44.0	-79.0	-42.0	-81.0	92.0	17.0	59.0	96.0	-87.0
5aze	-226.0	44.0	-79.0	110.0	-81.0	92.0	17.0	59.0	92.0	-57.0
4xce	49.0	44.0	-79.0	110.0	-33.0	92.0	17.0	59.0	92.0	-57.0
5cey	95.0	150.0	-79.0	110.0	-33.0	92.0	17.0	59.0	92.0	-10.0
5awn	-226.0	44.0	-81.0	-42.0	-81.0	92.0	96.0	59.0	92.0	-44.0
3tnn	49.0	44.0	-79.0	110.0	-81.0	92.0	17.0	59.0	92.0	25.0
3tnm	49.0	150.0	-203.0	110.0	-81.0	92.0	17.0	59.0	92.0	-3.0
1fh5	17.0	44.0	-203.0	-41.0	-81.0	92.0	17.0	59.0	96.0	-3.0
1dn0	49.0	150.0	-203.0	110.0	-33.0	92.0	17.0	59.0	92.0	-87.0
4r7d	-226.0	150.0	-79.0	110.0	-33.0	92.0	17.0	59.0	92.0	-3.0
4d9l	49.0	44.0	-79.0	110.0	-81.0	92.0	17.0	59.0	92.0	-57.0
2g75	49.0	44.0	-79.0	110.0	-81.0	92.0	17.0	59.0	92.0	-57.0
3qct	-159.0	150.0	-79.0	110.0	-81.0	92.0	96.0	59.0	92.0	-57.0
1ad0	-92.0	44.0	-203.0	110.0	-81.0	92.0	17.0	95.0	92.0	25.0
4gsd	49.0	44.0	-79.0	110.0	-33.0	92.0	17.0	59.0	92.0	-3.0
3naa	49.0	44.0	-79.0	-42.0	-81.0	92.0	17.0	59.0	92.0	-87.0
3nab	49.0	44.0	-79.0	110.0	-81.0	92.0	17.0	59.0	92.0	-57.0
3nac	49.0	44.0	-79.0	110.0	-33.0	92.0	17.0	59.0	92.0	-57.0
4f58	-92.0	44.0	-203.0	110.0	-33.0	92.0	17.0	59.0	92.0	-3.0
4nzu	-226.0	44.0	-79.0	110.0	-81.0	92.0	17.0	59.0	92.0	-87.0
3u4b	-22.0	44.0	-203.0	110.0	-81.0	92.0	17.0	59.0	92.0	-41.0
1rz8	95.0	44.0	-79.0	-39.0	-33.0	92.0	96.0	59.0	92.0	-57.0
1rz7	17.0	44.0	-79.0	110.0	-81.0	92.0	17.0	59.0	92.0	-57.0
5dk3	17.0	44.0	-79.0	110.0	-81.0	92.0	17.0	59.0	92.0	-57.0
4jha	-92.0	-81.0	-79.0	110.0	59.0	92.0	17.0	59.0	92.0	-87.0
