pdb_id	34	36	38	43	44	87	89	98	100
4ttd	-5.0	17.0	-79.0	49.0	59.0	17.0	-203.0	96.0	110.0
4ydl	59.0	-226.0	-79.0	64.0	59.0	17.0	-203.0	96.0	-41.0
4ydk	-92.0	17.0	-83.0	59.0	59.0	96.0	-203.0	96.0	-57.0
4ydj	49.0	17.0	-203.0	-9.0	59.0	17.0	95.0	140.0	14.0
4ydv	59.0	17.0	-79.0	64.0	59.0	17.0	-226.0	96.0	-41.0
3idx	-92.0	17.0	-203.0	49.0	59.0	17.0	-203.0	140.0	110.0
3idi	59.0	17.0	-203.0	64.0	59.0	17.0	-203.0	140.0	110.0
3idj	59.0	17.0	-203.0	64.0	59.0	17.0	-203.0	96.0	110.0
2b0s	17.0	17.0	-226.0	49.0	59.0	17.0	59.0	96.0	110.0
3idm	59.0	17.0	-203.0	64.0	59.0	17.0	-203.0	140.0	110.0
3idn	59.0	17.0	-203.0	64.0	59.0	17.0	-203.0	140.0	110.0
3idg	59.0	17.0	-203.0	59.0	59.0	17.0	-203.0	140.0	110.0
3ngb	59.0	17.0	-203.0	49.0	59.0	17.0	-203.0	96.0	-57.0
3x3f	59.0	17.0	-203.0	49.0	59.0	17.0	-203.0	96.0	110.0
4olz	59.0	17.0	-203.0	49.0	59.0	17.0	-203.0	96.0	-57.0
4oly	59.0	17.0	-203.0	49.0	59.0	17.0	-203.0	96.0	25.0
4olx	59.0	17.0	-203.0	49.0	59.0	17.0	-203.0	96.0	-57.0
1n0x	59.0	17.0	-226.0	49.0	59.0	17.0	-203.0	140.0	-87.0
4olw	59.0	17.0	-203.0	49.0	59.0	17.0	-203.0	96.0	-57.0
1ikf	-92.0	17.0	-79.0	55.0	44.0	96.0	-203.0	96.0	110.0
4olu	59.0	17.0	-203.0	49.0	59.0	17.0	-203.0	96.0	-57.0
5cin	59.0	17.0	-203.0	49.0	59.0	17.0	-203.0	96.0	-3.0
2xzc	49.0	17.0	-79.0	49.0	59.0	17.0	-22.0	96.0	110.0
5dt1	49.0	17.0	-203.0	49.0	59.0	17.0	59.0	96.0	55.0
5cil	59.0	17.0	-203.0	49.0	59.0	17.0	-203.0	96.0	-3.0
5f9w	59.0	17.0	-79.0	49.0	59.0	-81.0	-81.0	96.0	-3.0
1cly	-159.0	17.0	-79.0	59.0	-77.0	17.0	96.0	96.0	34.0
3go1	17.0	17.0	-79.0	49.0	59.0	17.0	-203.0	96.0	110.0
5fgb	128.0	17.0	-79.0	55.0	59.0	17.0	-203.0	96.0	110.0
5fgc	49.0	17.0	-203.0	59.0	59.0	17.0	-203.0	96.0	110.0
2xqb	17.0	17.0	-79.0	49.0	59.0	17.0	59.0	96.0	110.0
3k2u	59.0	17.0	-203.0	49.0	59.0	17.0	-203.0	96.0	-57.0
5e8e	59.0	17.0	-226.0	49.0	59.0	17.0	-203.0	96.0	110.0
3lrs	49.0	17.0	-203.0	49.0	59.0	96.0	49.0	96.0	110.0
3eoa	59.0	17.0	-84.0	49.0	59.0	17.0	-203.0	96.0	-57.0
2r56	59.0	17.0	-203.0	49.0	59.0	17.0	-203.0	96.0	-57.0
4yk4	-92.0	17.0	-79.0	49.0	59.0	17.0	-203.0	140.0	-57.0
3h42	-226.0	17.0	-79.0	49.0	59.0	17.0	-203.0	96.0	110.0
5f96	59.0	17.0	-226.0	59.0	59.0	96.0	-81.0	96.0	-3.0
4u6v	59.0	17.0	-203.0	49.0	59.0	17.0	-304.0	96.0	-57.0
4kht	49.0	17.0	-203.0	49.0	59.0	17.0	59.0	96.0	110.0
4khx	49.0	17.0	-79.0	49.0	59.0	17.0	59.0	96.0	110.0
4al8	59.0	17.0	-79.0	59.0	59.0	96.0	-81.0	96.0	110.0
4i3s	95.0	17.0	-304.0	64.0	59.0	17.0	-203.0	96.0	-3.0
5bo1	59.0	17.0	-203.0	49.0	59.0	17.0	-203.0	96.0	-57.0
4nrx	-92.0	17.0	-203.0	49.0	59.0	17.0	-203.0	140.0	44.0
3sdy	59.0	96.0	-79.0	49.0	59.0	17.0	-203.0	96.0	-3.0
4jzn	-226.0	17.0	-79.0	49.0	59.0	17.0	-203.0	96.0	110.0
4jzo	49.0	17.0	-203.0	59.0	59.0	17.0	-203.0	96.0	55.0
4ers	-22.0	17.0	-79.0	49.0	59.0	17.0	-81.0	96.0	110.0
3kdm	49.0	17.0	-203.0	49.0	59.0	17.0	49.0	96.0	55.0
4qci	-226.0	17.0	-203.0	49.0	59.0	17.0	49.0	140.0	110.0
3eyf	95.0	17.0	-5.0	49.0	59.0	17.0	-203.0	96.0	-57.0
4py8	59.0	17.0	-203.0	49.0	59.0	17.0	-203.0	96.0	110.0
3fn0	-22.0	17.0	-79.0	49.0	59.0	17.0	-203.0	140.0	-3.0
3h3p	59.0	17.0	-203.0	49.0	59.0	17.0	-203.0	96.0	-57.0
3u2s	49.0	17.0	-79.0	49.0	59.0	17.0	-304.0	96.0	8.0
4dqo	49.0	17.0	-79.0	49.0	59.0	96.0	49.0	96.0	110.0
2i5y	59.0	17.0	-203.0	49.0	59.0	17.0	-203.0	96.0	-3.0
4hpo	-203.0	17.0	-203.0	49.0	59.0	17.0	-203.0	96.0	110.0
2qsc	-92.0	17.0	-53.0	49.0	59.0	96.0	-203.0	96.0	110.0
3hae	59.0	17.0	-203.0	49.0	59.0	17.0	92.0	96.0	55.0
4hpy	17.0	17.0	-79.0	49.0	59.0	17.0	17.0	96.0	110.0
3moa	59.0	17.0	-203.0	64.0	59.0	17.0	-203.0	96.0	110.0
3mob	59.0	17.0	-203.0	64.0	59.0	17.0	-203.0	140.0	110.0
3sqo	59.0	17.0	-203.0	49.0	59.0	17.0	-203.0	96.0	25.0
2yk1	17.0	17.0	-79.0	49.0	59.0	17.0	59.0	96.0	110.0
3ghe	49.0	17.0	-203.0	49.0	59.0	-226.0	49.0	96.0	110.0
3ghb	-81.0	17.0	-79.0	49.0	59.0	96.0	59.0	96.0	110.0
4m62	59.0	17.0	-79.0	49.0	59.0	17.0	-203.0	96.0	-57.0
4hkx	-61.0	96.0	-79.0	49.0	59.0	17.0	-203.0	96.0	110.0
4hkz	59.0	17.0	-79.0	49.0	59.0	17.0	-203.0	96.0	-3.0
3bn9	59.0	17.0	-203.0	49.0	59.0	17.0	-203.0	96.0	23.0
1tji	59.0	17.0	-203.0	64.0	59.0	17.0	-203.0	96.0	110.0
1tjh	59.0	17.0	-203.0	64.0	59.0	17.0	-203.0	96.0	110.0
2pw2	59.0	17.0	-203.0	64.0	59.0	17.0	-203.0	140.0	110.0
2pw1	59.0	17.0	-203.0	64.0	59.0	17.0	-203.0	140.0	110.0
1tjg	59.0	17.0	-203.0	64.0	59.0	17.0	-203.0	96.0	110.0
4lsu	59.0	17.0	-203.0	49.0	59.0	-226.0	-92.0	96.0	110.0
4lst	59.0	17.0	-203.0	49.0	59.0	17.0	-203.0	96.0	-57.0
2ykl	17.0	17.0	-79.0	49.0	59.0	17.0	59.0	96.0	110.0
4lsq	-92.0	17.0	-79.0	49.0	59.0	96.0	-203.0	96.0	25.0
4lsp	-92.0	17.0	-79.0	49.0	59.0	96.0	-203.0	96.0	-3.0
4lss	59.0	17.0	-203.0	49.0	59.0	17.0	-203.0	96.0	-57.0
4lsr	-92.0	17.0	-79.0	49.0	59.0	96.0	-203.0	96.0	-3.0
4fp8	-92.0	17.0	-79.0	110.0	59.0	17.0	-203.0	96.0	110.0
3d0v	59.0	17.0	-203.0	64.0	59.0	17.0	-203.0	140.0	110.0
3d0l	59.0	17.0	-203.0	64.0	59.0	17.0	-203.0	140.0	110.0
1uj3	49.0	17.0	-203.0	49.0	59.0	17.0	-81.0	96.0	110.0
4dgy	59.0	17.0	-79.0	49.0	59.0	17.0	-203.0	96.0	25.0
4uu9	59.0	17.0	-79.0	49.0	59.0	17.0	95.0	96.0	110.0
3mug	49.0	17.0	-203.0	49.0	59.0	96.0	49.0	96.0	110.0
4dgv	59.0	17.0	-79.0	49.0	59.0	17.0	-203.0	96.0	25.0
3mlt	49.0	17.0	-203.0	59.0	59.0	17.0	-203.0	96.0	23.0
3mlu	49.0	17.0	-203.0	59.0	59.0	17.0	-203.0	96.0	-59.0
3mlv	49.0	17.0	-203.0	59.0	59.0	17.0	-203.0	96.0	28.0
3mlw	17.0	17.0	-203.0	55.0	59.0	17.0	59.0	96.0	55.0
3u7y	59.0	17.0	-203.0	49.0	59.0	17.0	-203.0	96.0	-87.0
3mlr	49.0	17.0	-203.0	59.0	59.0	17.0	-203.0	96.0	23.0
3mls	49.0	17.0	-203.0	59.0	59.0	17.0	-203.0	96.0	23.0
3fct	59.0	17.0	-79.0	59.0	59.0	96.0	-203.0	96.0	110.0
3mlx	49.0	17.0	-79.0	49.0	59.0	17.0	59.0	96.0	110.0
3mly	49.0	17.0	-79.0	49.0	59.0	17.0	59.0	96.0	110.0
3mlz	49.0	17.0	-79.0	49.0	59.0	17.0	59.0	96.0	110.0
4ioi	59.0	17.0	-203.0	59.0	59.0	17.0	-203.0	96.0	14.0
1bvk	59.0	17.0	-79.0	49.0	59.0	17.0	-203.0	140.0	25.0
2xra	-92.0	17.0	-79.0	49.0	59.0	17.0	-203.0	96.0	-3.0
1n8z	59.0	17.0	-203.0	49.0	59.0	17.0	-203.0	96.0	-3.0
2oqj	59.0	17.0	-203.0	49.0	59.0	-226.0	-203.0	96.0	-3.0
3lhp	59.0	17.0	-203.0	49.0	59.0	17.0	-203.0	96.0	-57.0
4zso	17.0	17.0	-79.0	59.0	59.0	17.0	-203.0	96.0	14.0
3oay	59.0	17.0	-203.0	49.0	59.0	-226.0	-203.0	96.0	25.0
3pgf	59.0	17.0	-203.0	49.0	59.0	17.0	-203.0	96.0	-57.0
3oau	59.0	17.0	-203.0	49.0	59.0	-226.0	-203.0	96.0	-57.0
4g3y	-226.0	17.0	-79.0	59.0	59.0	17.0	-203.0	96.0	34.0
4qhu	-92.0	17.0	-79.0	49.0	59.0	17.0	-87.0	96.0	110.0
3bdy	59.0	17.0	-203.0	49.0	59.0	17.0	-203.0	96.0	25.0
1gc1	59.0	17.0	-203.0	49.0	59.0	17.0	-203.0	96.0	-57.0
4olv	59.0	17.0	-203.0	49.0	59.0	17.0	-203.0	96.0	25.0
3p0y	59.0	17.0	-203.0	49.0	59.0	17.0	-203.0	140.0	-87.0
1u8q	59.0	17.0	-203.0	64.0	59.0	17.0	-203.0	140.0	110.0
1u8j	59.0	17.0	-203.0	64.0	59.0	17.0	-203.0	140.0	110.0
1u8k	59.0	17.0	-203.0	64.0	59.0	17.0	-203.0	96.0	110.0
1u8h	59.0	17.0	-203.0	64.0	59.0	17.0	-203.0	140.0	110.0
1u8i	59.0	17.0	-203.0	64.0	59.0	17.0	-203.0	140.0	110.0
1u8n	59.0	17.0	-203.0	64.0	59.0	17.0	-203.0	140.0	110.0
1u8l	59.0	17.0	-203.0	64.0	59.0	17.0	-203.0	140.0	110.0
1u8m	59.0	17.0	-203.0	64.0	59.0	17.0	-203.0	140.0	110.0
4i2x	59.0	96.0	-203.0	59.0	59.0	17.0	-203.0	96.0	110.0
1iqd	59.0	17.0	-79.0	49.0	59.0	17.0	-203.0	96.0	-57.0
3l5x	59.0	17.0	-79.0	49.0	59.0	17.0	-203.0	96.0	-3.0
3l5y	59.0	17.0	-79.0	49.0	59.0	17.0	-203.0	140.0	-3.0
4edw	-92.0	17.0	-203.0	49.0	59.0	17.0	-203.0	96.0	-3.0
2b1a	17.0	17.0	-226.0	49.0	59.0	17.0	59.0	96.0	110.0
2b1h	17.0	17.0	-226.0	49.0	59.0	17.0	59.0	96.0	110.0
4fz8	-61.0	17.0	-203.0	59.0	59.0	17.0	51.0	96.0	64.0
4yhz	-226.0	17.0	-79.0	49.0	59.0	17.0	-203.0	96.0	8.0
2uzi	-92.0	17.0	-203.0	49.0	59.0	17.0	-203.0	140.0	-57.0
3hi1	59.0	17.0	-79.0	49.0	59.0	17.0	-203.0	96.0	25.0
3hi6	-92.0	17.0	-79.0	49.0	59.0	17.0	-203.0	96.0	-57.0
3dvg	59.0	17.0	-203.0	49.0	59.0	17.0	-203.0	96.0	25.0
3dvn	59.0	17.0	-203.0	49.0	59.0	17.0	-203.0	96.0	-57.0
3grw	59.0	17.0	-203.0	49.0	59.0	17.0	-203.0	96.0	-57.0
2eiz	-226.0	17.0	-203.0	49.0	59.0	17.0	-203.0	96.0	110.0
4m8q	59.0	17.0	-203.0	49.0	59.0	17.0	-203.0	96.0	-57.0
5c7x	17.0	17.0	-84.0	49.0	59.0	17.0	49.0	96.0	110.0
3be1	59.0	17.0	-203.0	49.0	59.0	17.0	-203.0	96.0	-57.0
4o58	-92.0	17.0	-226.0	49.0	59.0	17.0	59.0	96.0	110.0
4jb9	-92.0	17.0	-304.0	55.0	59.0	17.0	-203.0	96.0	-114.0
2fx8	59.0	17.0	-79.0	49.0	59.0	17.0	-203.0	96.0	-3.0
2fx9	59.0	17.0	-203.0	49.0	59.0	17.0	-203.0	96.0	-3.0
2fx7	59.0	17.0	-203.0	49.0	59.0	17.0	-203.0	96.0	-3.0
2nxy	59.0	17.0	-203.0	49.0	59.0	17.0	-203.0	96.0	-3.0
2nxz	59.0	17.0	-203.0	49.0	59.0	17.0	-203.0	96.0	25.0
3u30	59.0	17.0	-203.0	49.0	59.0	17.0	-203.0	96.0	-57.0
4xgz	59.0	17.0	-203.0	49.0	59.0	17.0	-203.0	96.0	-87.0
4g7v	59.0	17.0	-79.0	49.0	59.0	17.0	-203.0	96.0	-3.0
5d72	17.0	17.0	-203.0	49.0	59.0	17.0	49.0	96.0	110.0
1jps	-92.0	17.0	-203.0	49.0	59.0	17.0	-81.0	96.0	-3.0
5d70	17.0	17.0	-79.0	49.0	59.0	17.0	49.0	96.0	110.0
5d71	17.0	17.0	-79.0	49.0	59.0	17.0	49.0	96.0	110.0
4g7y	59.0	17.0	-79.0	49.0	59.0	17.0	-203.0	96.0	-3.0
4y5y	49.0	17.0	-203.0	49.0	59.0	17.0	49.0	96.0	71.0
3ob0	59.0	17.0	-203.0	49.0	59.0	-226.0	-203.0	96.0	25.0
3b2u	59.0	17.0	-79.0	49.0	59.0	17.0	-226.0	96.0	110.0
4hha	95.0	17.0	-203.0	49.0	59.0	17.0	-203.0	96.0	-87.0
4xh2	59.0	17.0	-203.0	49.0	59.0	17.0	-203.0	96.0	-87.0
4y5v	49.0	17.0	-203.0	49.0	59.0	17.0	-92.0	96.0	110.0
4hcr	17.0	17.0	-203.0	64.0	59.0	17.0	51.0	96.0	-57.0
3d85	-226.0	17.0	-79.0	59.0	59.0	17.0	-203.0	96.0	34.0
1rzj	59.0	17.0	-203.0	49.0	59.0	17.0	-203.0	96.0	-57.0
5f9o	59.0	17.0	-79.0	49.0	59.0	17.0	-203.0	96.0	-3.0
4i77	-226.0	17.0	-203.0	59.0	59.0	17.0	-203.0	96.0	110.0
4jpw	-92.0	17.0	-83.0	49.0	59.0	96.0	59.0	96.0	64.0
4ps4	59.0	17.0	-79.0	49.0	59.0	17.0	-203.0	140.0	-3.0
4rrp	59.0	17.0	-203.0	49.0	59.0	17.0	-203.0	96.0	25.0
2wuc	59.0	17.0	-79.0	49.0	59.0	17.0	-203.0	96.0	-3.0
1w72	-226.0	17.0	-203.0	49.0	59.0	17.0	-203.0	96.0	110.0
2jb6	49.0	17.0	-79.0	49.0	59.0	17.0	-152.0	96.0	110.0
3u4e	49.0	17.0	-79.0	49.0	59.0	17.0	-304.0	96.0	55.0
4nzr	59.0	17.0	17.0	59.0	59.0	17.0	-203.0	96.0	-87.0
2jb5	49.0	17.0	-203.0	49.0	59.0	17.0	-152.0	96.0	110.0
4nzt	-92.0	17.0	-203.0	49.0	59.0	17.0	59.0	96.0	110.0
4irz	59.0	17.0	-87.0	49.0	59.0	17.0	-81.0	96.0	-57.0
2yc1	59.0	17.0	-79.0	49.0	59.0	17.0	-203.0	96.0	-3.0
4lmq	49.0	17.0	-79.0	49.0	59.0	52.0	-304.0	96.0	-57.0
4ogx	59.0	17.0	-203.0	49.0	59.0	17.0	-203.0	96.0	-57.0
4ogy	59.0	17.0	-203.0	49.0	59.0	17.0	-203.0	96.0	-57.0
4xc3	59.0	17.0	-203.0	49.0	59.0	17.0	-203.0	96.0	-3.0
4dvr	59.0	17.0	-203.0	49.0	59.0	17.0	-203.0	140.0	110.0
3drq	59.0	17.0	-79.0	64.0	59.0	17.0	-203.0	96.0	110.0
3mxw	95.0	17.0	-79.0	59.0	59.0	96.0	-203.0	96.0	110.0
3qnz	-20.0	17.0	-79.0	59.0	59.0	17.0	51.0	96.0	-57.0
4s1q	59.0	17.0	-203.0	49.0	59.0	17.0	-203.0	96.0	-3.0
2fjg	59.0	17.0	-203.0	49.0	59.0	17.0	-203.0	96.0	-57.0
4mwf	59.0	17.0	-79.0	49.0	59.0	96.0	-203.0	96.0	110.0
4cni	49.0	17.0	-79.0	49.0	59.0	17.0	-81.0	96.0	-3.0
4nhc	59.0	17.0	-203.0	49.0	59.0	17.0	-203.0	96.0	25.0
4ris	-203.0	17.0	-203.0	59.0	59.0	17.0	-203.0	96.0	110.0
4ptu	59.0	17.0	-226.0	49.0	59.0	17.0	-203.0	96.0	110.0
2p8p	59.0	17.0	-203.0	64.0	59.0	17.0	-203.0	140.0	110.0
4fqi	-92.0	17.0	-203.0	49.0	59.0	17.0	59.0	96.0	110.0
4fqj	17.0	17.0	-79.0	49.0	59.0	17.0	59.0	96.0	110.0
2p8l	59.0	17.0	-203.0	64.0	59.0	17.0	-203.0	140.0	110.0
2p8m	59.0	17.0	-203.0	64.0	59.0	17.0	-203.0	140.0	110.0
2vxq	-92.0	17.0	-226.0	49.0	59.0	17.0	-203.0	140.0	-87.0
2vxs	-203.0	17.0	-203.0	59.0	59.0	17.0	-203.0	96.0	110.0
4zff	59.0	17.0	-203.0	49.0	59.0	17.0	-203.0	96.0	-57.0
4zfg	59.0	17.0	-203.0	49.0	59.0	17.0	-203.0	140.0	25.0
2wub	59.0	17.0	-79.0	49.0	59.0	17.0	-203.0	96.0	-3.0
1nl0	49.0	17.0	-203.0	49.0	59.0	17.0	59.0	96.0	55.0
4kxz	59.0	17.0	-79.0	49.0	59.0	17.0	-203.0	96.0	-57.0
3c2a	-81.0	17.0	-79.0	49.0	59.0	96.0	59.0	96.0	110.0
3r1g	59.0	17.0	-79.0	49.0	-77.0	17.0	-203.0	96.0	-57.0
5bvp	-226.0	17.0	-203.0	59.0	59.0	17.0	-226.0	96.0	44.0
5ies	59.0	17.0	-203.0	59.0	59.0	17.0	-203.0	96.0	110.0
2qqk	59.0	17.0	-79.0	49.0	59.0	17.0	-203.0	96.0	-57.0
2qqn	59.0	17.0	-203.0	49.0	59.0	17.0	-203.0	96.0	-57.0
3u0t	-92.0	96.0	-203.0	59.0	59.0	17.0	-81.0	96.0	-57.0
5bv7	49.0	17.0	-79.0	49.0	59.0	17.0	-92.0	96.0	110.0
4j6r	59.0	17.0	-5.0	55.0	59.0	17.0	-203.0	96.0	-87.0
4xmp	44.0	-226.0	-203.0	49.0	59.0	17.0	-203.0	96.0	-3.0
2xwt	49.0	17.0	-79.0	49.0	59.0	17.0	175.0	96.0	110.0
2f5b	59.0	17.0	-79.0	64.0	59.0	17.0	-203.0	140.0	110.0
1u95	59.0	17.0	-203.0	64.0	59.0	17.0	-203.0	140.0	110.0
3gjf	49.0	17.0	-203.0	49.0	59.0	17.0	92.0	96.0	55.0
1u91	59.0	17.0	-203.0	64.0	59.0	17.0	-203.0	140.0	110.0
1u93	59.0	17.0	-203.0	64.0	59.0	17.0	-203.0	140.0	110.0
1u92	59.0	17.0	-203.0	64.0	59.0	17.0	-203.0	140.0	110.0
2cmr	59.0	17.0	-203.0	49.0	59.0	17.0	-203.0	96.0	110.0
4wy7	59.0	17.0	-203.0	49.0	59.0	17.0	-203.0	96.0	-3.0
1q1j	-81.0	17.0	-238.0	49.0	59.0	96.0	59.0	96.0	110.0
3se9	95.0	17.0	-83.0	59.0	59.0	17.0	-203.0	96.0	-57.0
3se8	95.0	17.0	-304.0	-9.0	59.0	17.0	-203.0	96.0	-114.0
4g6a	-226.0	96.0	-203.0	59.0	59.0	17.0	-203.0	96.0	110.0
4hij	59.0	17.0	-79.0	49.0	59.0	17.0	-203.0	96.0	-57.0
4hii	59.0	17.0	-79.0	49.0	59.0	17.0	-203.0	96.0	-57.0
4hih	59.0	17.0	-203.0	49.0	59.0	17.0	-203.0	96.0	-57.0
1zlu	59.0	17.0	-203.0	49.0	59.0	-226.0	-203.0	96.0	-57.0
1zlw	59.0	17.0	-203.0	49.0	59.0	-226.0	-203.0	96.0	25.0
1zlv	59.0	17.0	-203.0	49.0	59.0	-226.0	-203.0	96.0	-57.0
4g6j	-226.0	17.0	-79.0	59.0	59.0	17.0	-226.0	96.0	25.0
4g6m	49.0	17.0	-203.0	49.0	-9.0	96.0	-81.0	96.0	25.0
2ny7	59.0	17.0	-226.0	49.0	59.0	17.0	-203.0	96.0	10.0
2ny6	59.0	17.0	-203.0	49.0	59.0	17.0	-203.0	96.0	-3.0
2ny5	59.0	17.0	-203.0	49.0	59.0	17.0	-203.0	96.0	25.0
2ny4	59.0	17.0	-203.0	49.0	59.0	17.0	-203.0	96.0	25.0
2ny3	59.0	17.0	-203.0	49.0	59.0	17.0	-203.0	96.0	25.0
2ny2	59.0	17.0	-203.0	49.0	59.0	17.0	-203.0	96.0	25.0
2ny1	59.0	17.0	-203.0	49.0	59.0	17.0	-203.0	96.0	25.0
2ny0	59.0	17.0	-203.0	49.0	59.0	17.0	-203.0	96.0	-3.0
2yss	-226.0	17.0	-203.0	49.0	59.0	17.0	-203.0	96.0	110.0
5i8o	59.0	17.0	-203.0	59.0	59.0	17.0	-81.0	96.0	110.0
4xvj	49.0	17.0	-203.0	49.0	59.0	17.0	-87.0	96.0	110.0
1h0d	49.0	96.0	-79.0	64.0	59.0	96.0	-203.0	96.0	14.0
5csz	59.0	17.0	-79.0	49.0	59.0	17.0	-81.0	96.0	-3.0
4xvs	59.0	17.0	-203.0	49.0	59.0	17.0	-203.0	96.0	-3.0
4xvt	59.0	17.0	-203.0	49.0	59.0	17.0	-203.0	96.0	25.0
4ob5	59.0	17.0	-79.0	49.0	59.0	17.0	-203.0	96.0	-57.0
3so3	59.0	17.0	-79.0	49.0	59.0	17.0	-203.0	96.0	10.0
4ywg	59.0	17.0	35.0	49.0	-77.0	17.0	-203.0	96.0	71.0
4np4	59.0	17.0	-203.0	49.0	59.0	17.0	-203.0	96.0	-57.0
1tzg	59.0	17.0	-203.0	49.0	59.0	17.0	-203.0	96.0	-3.0
3nh7	150.0	17.0	-79.0	49.0	59.0	17.0	49.0	96.0	110.0
4om0	59.0	17.0	-203.0	49.0	59.0	17.0	-203.0	96.0	-57.0
4om1	59.0	17.0	-203.0	49.0	59.0	17.0	-203.0	96.0	-57.0
3jwd	59.0	17.0	-203.0	49.0	59.0	17.0	-203.0	140.0	110.0
5d6c	-92.0	17.0	-203.0	64.0	59.0	17.0	-203.0	140.0	-87.0
3t2n	-92.0	44.0	-79.0	-25.0	96.0	17.0	59.0	96.0	34.0
4j4p	-92.0	17.0	-203.0	64.0	59.0	17.0	-159.0	96.0	110.0
5if0	59.0	17.0	-79.0	64.0	59.0	17.0	-203.0	96.0	110.0
3sob	59.0	17.0	-79.0	49.0	59.0	17.0	-203.0	96.0	-57.0
4rnr	49.0	17.0	-79.0	49.0	59.0	96.0	49.0	96.0	110.0
4dn4	59.0	17.0	-79.0	49.0	59.0	17.0	-226.0	96.0	25.0
4ye4	44.0	17.0	-203.0	64.0	59.0	17.0	-203.0	96.0	110.0
4ot1	49.0	17.0	-79.0	49.0	-77.0	17.0	-87.0	96.0	110.0
4rav	49.0	17.0	-79.0	49.0	59.0	17.0	49.0	96.0	110.0
1yym	59.0	17.0	-203.0	49.0	59.0	17.0	-203.0	96.0	-3.0
1yyl	59.0	17.0	-203.0	49.0	59.0	17.0	-203.0	96.0	-3.0
4tsa	-5.0	17.0	-203.0	49.0	59.0	17.0	-203.0	96.0	110.0
4tsc	-5.0	17.0	-203.0	49.0	59.0	17.0	-203.0	96.0	110.0
4tsb	-5.0	17.0	-79.0	49.0	59.0	17.0	-203.0	96.0	110.0
1gaf	-22.0	-81.0	-203.0	8.0	150.0	17.0	-81.0	96.0	110.0
3lev	59.0	17.0	-203.0	64.0	59.0	17.0	-203.0	140.0	110.0
5dur	-226.0	17.0	-79.0	49.0	59.0	17.0	-203.0	96.0	14.0
2ybr	59.0	17.0	-79.0	49.0	59.0	17.0	-203.0	96.0	-3.0
4xrc	128.0	17.0	-203.0	59.0	59.0	17.0	-203.0	96.0	8.0
5ea0	59.0	17.0	-203.0	64.0	59.0	17.0	-203.0	96.0	-57.0
4m1d	-81.0	17.0	-79.0	49.0	59.0	96.0	59.0	96.0	110.0
4rwy	44.0	17.0	-79.0	49.0	59.0	17.0	-203.0	140.0	44.0
4wv1	59.0	17.0	-203.0	49.0	59.0	17.0	-203.0	96.0	-57.0
2xtj	-92.0	17.0	-203.0	49.0	59.0	17.0	-203.0	96.0	-3.0
4r8w	59.0	17.0	-79.0	49.0	59.0	17.0	-203.0	96.0	-57.0
4hwb	59.0	17.0	-203.0	49.0	59.0	17.0	-203.0	96.0	25.0
5i8c	59.0	17.0	-79.0	49.0	59.0	96.0	-203.0	96.0	110.0
4xnm	128.0	17.0	-203.0	59.0	59.0	17.0	-203.0	96.0	8.0
3qo0	-159.0	17.0	-79.0	59.0	59.0	17.0	51.0	96.0	-57.0
4xnq	128.0	17.0	-79.0	59.0	59.0	17.0	-203.0	96.0	8.0
2hfg	59.0	17.0	-203.0	49.0	59.0	17.0	-203.0	140.0	-57.0
4xny	59.0	17.0	-79.0	64.0	59.0	96.0	-203.0	96.0	-87.0
1axs	-92.0	96.0	-203.0	59.0	59.0	17.0	-81.0	96.0	34.0
4ngh	59.0	17.0	-79.0	49.0	59.0	17.0	-203.0	96.0	25.0
3ru8	59.0	17.0	-5.0	49.0	59.0	17.0	-203.0	96.0	-87.0
3lzf	49.0	17.0	-203.0	49.0	59.0	17.0	59.0	96.0	110.0
4n0y	-92.0	17.0	-53.0	49.0	59.0	96.0	59.0	96.0	110.0
4nnp	59.0	17.0	-203.0	49.0	59.0	17.0	-203.0	96.0	-3.0
4rbp	59.0	17.0	-203.0	49.0	59.0	-226.0	-203.0	96.0	-57.0
3skj	59.0	17.0	-203.0	49.0	59.0	17.0	-203.0	140.0	-57.0
4xxd	-226.0	96.0	-79.0	59.0	59.0	17.0	49.0	96.0	-57.0
4yhp	-226.0	17.0	-203.0	49.0	59.0	17.0	-203.0	96.0	8.0
4dkf	59.0	17.0	-203.0	49.0	59.0	17.0	-203.0	96.0	25.0
1zls	59.0	17.0	-203.0	49.0	59.0	-226.0	-203.0	96.0	25.0
3g04	-92.0	17.0	-79.0	49.0	59.0	17.0	95.0	96.0	110.0
4jkp	59.0	17.0	-203.0	49.0	59.0	17.0	-203.0	96.0	-57.0
4xwg	49.0	17.0	-41.0	59.0	59.0	17.0	-203.0	96.0	110.0
4yhk	-159.0	17.0	-203.0	59.0	59.0	17.0	96.0	96.0	-87.0
4yhm	-159.0	17.0	-203.0	59.0	59.0	17.0	96.0	96.0	110.0
3nfp	-226.0	17.0	-79.0	49.0	59.0	17.0	-226.0	96.0	-57.0
4yho	-159.0	17.0	-203.0	59.0	59.0	17.0	96.0	96.0	-57.0
3mod	59.0	17.0	-203.0	64.0	59.0	17.0	-203.0	96.0	110.0
1hez	-92.0	17.0	-203.0	49.0	59.0	17.0	-203.0	96.0	-57.0
1g9n	59.0	17.0	-203.0	49.0	59.0	17.0	-203.0	96.0	-3.0
1g9m	59.0	17.0	-203.0	49.0	59.0	17.0	-203.0	96.0	-87.0
4g6f	49.0	17.0	-304.0	49.0	59.0	17.0	49.0	96.0	110.0
3lh2	59.0	17.0	-203.0	49.0	59.0	17.0	-203.0	96.0	25.0
4yaq	49.0	17.0	-203.0	49.0	59.0	17.0	-304.0	96.0	55.0
1dee	-92.0	17.0	-79.0	49.0	59.0	17.0	-203.0	96.0	-57.0
5cbe	49.0	17.0	-203.0	49.0	59.0	17.0	59.0	96.0	55.0
5cba	49.0	17.0	-203.0	49.0	59.0	17.0	49.0	96.0	55.0
5iq9	49.0	17.0	-304.0	49.0	59.0	17.0	49.0	96.0	110.0
3nps	49.0	17.0	-203.0	49.0	59.0	17.0	-203.0	96.0	110.0
3ma9	49.0	17.0	-79.0	49.0	59.0	17.0	59.0	96.0	110.0
4m5z	-226.0	17.0	-79.0	49.0	59.0	17.0	-203.0	96.0	110.0
4lkx	-159.0	17.0	-79.0	59.0	59.0	17.0	96.0	96.0	110.0
3h0t	-203.0	17.0	-79.0	59.0	59.0	17.0	-203.0	96.0	110.0
2eks	-226.0	17.0	-203.0	49.0	59.0	17.0	-203.0	96.0	110.0
3ujj	17.0	17.0	-203.0	49.0	59.0	17.0	17.0	96.0	8.0
3uji	49.0	17.0	-203.0	59.0	59.0	17.0	-203.0	96.0	110.0
2dd8	-226.0	17.0	-79.0	49.0	59.0	17.0	-203.0	96.0	8.0
4dtg	-92.0	17.0	-79.0	59.0	59.0	17.0	-81.0	96.0	110.0
3w9e	59.0	17.0	-79.0	49.0	59.0	17.0	-203.0	96.0	110.0
4hjg	59.0	17.0	-79.0	59.0	59.0	17.0	-203.0	96.0	14.0
4d9r	-92.0	17.0	-203.0	-9.0	59.0	17.0	-81.0	96.0	25.0
4d9q	-92.0	17.0	-79.0	-9.0	59.0	17.0	-81.0	96.0	25.0
4xak	-22.0	17.0	-203.0	49.0	59.0	17.0	-203.0	140.0	110.0
3mac	49.0	17.0	-79.0	49.0	59.0	17.0	59.0	96.0	110.0
4uv7	-159.0	17.0	-79.0	59.0	59.0	17.0	51.0	96.0	-3.0
2i60	59.0	17.0	-203.0	49.0	59.0	17.0	-203.0	96.0	-3.0
3qcu	-226.0	17.0	-203.0	59.0	59.0	96.0	49.0	96.0	-3.0
3gbm	49.0	17.0	-79.0	49.0	59.0	17.0	59.0	96.0	110.0
3gbn	49.0	17.0	-79.0	49.0	59.0	17.0	59.0	96.0	110.0
3qcv	-226.0	17.0	-203.0	59.0	59.0	96.0	49.0	96.0	-3.0
2vh5	-92.0	17.0	-203.0	49.0	59.0	17.0	-203.0	140.0	-57.0
3q1s	-22.0	17.0	-79.0	49.0	59.0	17.0	-203.0	140.0	-3.0
4hs8	-92.0	96.0	-203.0	49.0	59.0	17.0	-226.0	96.0	-57.0
4hs6	-226.0	96.0	-203.0	49.0	59.0	17.0	-203.0	96.0	-3.0
4od3	49.0	17.0	-79.0	49.0	59.0	17.0	59.0	140.0	55.0
4od1	49.0	17.0	-203.0	49.0	59.0	17.0	59.0	96.0	55.0
3tcl	59.0	17.0	-5.0	64.0	59.0	17.0	-203.0	96.0	-87.0
3m8o	-159.0	17.0	-79.0	59.0	59.0	17.0	51.0	96.0	-57.0
4fqq	-226.0	17.0	-203.0	49.0	59.0	17.0	-203.0	96.0	110.0
1fgv	-92.0	17.0	-79.0	49.0	59.0	17.0	-203.0	96.0	14.0
4jy5	150.0	17.0	-79.0	49.0	59.0	17.0	-226.0	140.0	4.0
2zkh	17.0	96.0	-79.0	59.0	59.0	17.0	-203.0	96.0	110.0
4jy6	-203.0	17.0	-79.0	64.0	59.0	17.0	-226.0	140.0	-41.0
3fzu	-92.0	17.0	-203.0	49.0	59.0	17.0	-81.0	140.0	-3.0
4dn3	59.0	17.0	-79.0	49.0	59.0	17.0	-226.0	96.0	-3.0
1jv5	-92.0	17.0	-203.0	55.0	44.0	96.0	-203.0	96.0	110.0
2agj	59.0	17.0	-79.0	49.0	59.0	17.0	-203.0	96.0	-3.0
3u7w	59.0	17.0	-203.0	49.0	59.0	17.0	-203.0	96.0	-87.0
4fq2	-203.0	17.0	-226.0	49.0	59.0	17.0	-226.0	140.0	110.0
5fha	59.0	17.0	-79.0	-9.0	59.0	17.0	-203.0	140.0	110.0
5fhb	128.0	96.0	-79.0	59.0	59.0	17.0	-203.0	96.0	110.0
1l7i	59.0	17.0	-79.0	49.0	59.0	17.0	-203.0	140.0	25.0
4r26	-203.0	17.0	-226.0	49.0	59.0	17.0	-226.0	140.0	110.0
4pub	59.0	17.0	-79.0	49.0	59.0	17.0	-203.0	96.0	-87.0
1vge	59.0	17.0	-79.0	49.0	59.0	17.0	-203.0	96.0	110.0
1za6	59.0	17.0	-203.0	59.0	59.0	17.0	-203.0	96.0	14.0
2a9m	49.0	17.0	-79.0	49.0	59.0	17.0	59.0	96.0	55.0
3qnx	-159.0	17.0	-79.0	59.0	59.0	17.0	51.0	96.0	-57.0
3qny	-159.0	17.0	-203.0	59.0	59.0	17.0	51.0	140.0	-57.0
4ptt	59.0	17.0	-226.0	49.0	59.0	17.0	-203.0	96.0	110.0
5cgy	-92.0	17.0	51.0	49.0	59.0	17.0	59.0	96.0	110.0
4llu	59.0	17.0	-203.0	49.0	59.0	17.0	-203.0	140.0	-87.0
4llv	59.0	17.0	-203.0	49.0	59.0	17.0	-203.0	96.0	10.0
3giz	59.0	17.0	-203.0	49.0	59.0	17.0	-203.0	96.0	-3.0
4lly	59.0	17.0	-61.0	49.0	59.0	17.0	-203.0	140.0	10.0
4xcc	59.0	17.0	-79.0	49.0	59.0	17.0	-203.0	96.0	-57.0
4kq3	-92.0	17.0	-79.0	49.0	59.0	17.0	-203.0	96.0	-57.0
2fjf	59.0	17.0	-203.0	49.0	59.0	17.0	-203.0	96.0	-57.0
1rhh	59.0	17.0	-79.0	49.0	59.0	17.0	-203.0	96.0	-57.0
3uls	-226.0	17.0	-203.0	49.0	59.0	17.0	49.0	96.0	110.0
3f12	59.0	17.0	-203.0	49.0	59.0	17.0	-203.0	140.0	25.0
3x3g	59.0	17.0	-79.0	49.0	59.0	17.0	-203.0	140.0	110.0
1dql	-22.0	17.0	-79.0	49.0	59.0	17.0	-81.0	96.0	25.0
4qf1	17.0	17.0	-203.0	49.0	59.0	17.0	17.0	96.0	110.0
3l7f	59.0	17.0	-203.0	49.0	59.0	17.0	-203.0	96.0	-3.0
1fvd	59.0	17.0	-79.0	49.0	59.0	17.0	-203.0	96.0	-57.0
1fvc	59.0	17.0	-203.0	49.0	59.0	17.0	-203.0	96.0	-3.0
4qxg	59.0	17.0	-203.0	49.0	59.0	17.0	-203.0	96.0	-57.0
4rir	-203.0	17.0	-79.0	59.0	59.0	17.0	-203.0	96.0	110.0
3u6r	59.0	17.0	-79.0	49.0	59.0	17.0	-203.0	96.0	110.0
5cd3	59.0	17.0	-79.0	49.0	59.0	17.0	-203.0	96.0	24.0
4ygv	-159.0	17.0	-203.0	59.0	59.0	17.0	96.0	96.0	-57.0
4fnl	-92.0	17.0	-79.0	110.0	59.0	17.0	-203.0	96.0	110.0
2pr4	59.0	17.0	-203.0	64.0	59.0	17.0	-203.0	140.0	110.0
4fqh	-92.0	17.0	-203.0	49.0	59.0	17.0	59.0	96.0	110.0
4hie	59.0	17.0	-203.0	49.0	59.0	17.0	-203.0	96.0	-57.0
3qeg	59.0	17.0	-79.0	49.0	59.0	17.0	-203.0	96.0	-57.0
2xza	49.0	17.0	-79.0	49.0	59.0	17.0	-87.0	96.0	110.0
3oaz	59.0	17.0	-203.0	49.0	59.0	-226.0	-203.0	96.0	-87.0
3lmj	49.0	17.0	-79.0	49.0	59.0	17.0	-87.0	96.0	110.0
1wt5	-159.0	17.0	-79.0	59.0	59.0	17.0	96.0	96.0	-3.0
2vxv	59.0	17.0	-203.0	49.0	59.0	17.0	-203.0	96.0	-3.0
3qeh	-61.0	17.0	-79.0	59.0	-77.0	17.0	51.0	96.0	-57.0
3ncj	59.0	17.0	-203.0	49.0	59.0	17.0	-203.0	96.0	-87.0
4nuj	17.0	17.0	-79.0	59.0	59.0	17.0	51.0	96.0	110.0
3inu	59.0	17.0	-79.0	64.0	59.0	17.0	-203.0	96.0	110.0
1hzh	59.0	17.0	-226.0	49.0	59.0	17.0	-203.0	96.0	-87.0
3p0v	59.0	17.0	-79.0	49.0	59.0	17.0	-203.0	140.0	25.0
5i1d	59.0	17.0	-203.0	59.0	59.0	17.0	-203.0	96.0	-57.0
1aqk	-226.0	17.0	-226.0	49.0	59.0	17.0	-203.0	96.0	110.0
4oaw	59.0	17.0	-203.0	49.0	59.0	17.0	-203.0	96.0	-57.0
3hc4	59.0	17.0	-79.0	49.0	59.0	96.0	-203.0	96.0	-57.0
4ky1	59.0	17.0	-203.0	64.0	59.0	17.0	-203.0	140.0	-57.0
5cip	59.0	17.0	-203.0	49.0	59.0	17.0	-203.0	96.0	-3.0
3hc0	59.0	17.0	-79.0	49.0	59.0	96.0	-203.0	96.0	-57.0
4jy4	-203.0	17.0	-226.0	49.0	59.0	17.0	-226.0	140.0	175.0
1hkl	-22.0	-81.0	-203.0	8.0	150.0	17.0	-81.0	140.0	110.0
3hc3	59.0	17.0	-79.0	49.0	59.0	96.0	-203.0	96.0	-57.0
3u1s	59.0	17.0	-79.0	55.0	59.0	17.0	51.0	96.0	-3.0
5bvj	-226.0	17.0	-203.0	59.0	59.0	17.0	-226.0	96.0	44.0
5i8e	59.0	17.0	-203.0	49.0	59.0	96.0	-203.0	140.0	110.0
3qo1	-159.0	17.0	-79.0	59.0	59.0	17.0	51.0	96.0	-57.0
4eow	17.0	17.0	-79.0	49.0	59.0	17.0	59.0	96.0	110.0
2hff	59.0	17.0	-203.0	49.0	59.0	17.0	-203.0	96.0	-57.0
3dif	59.0	96.0	-203.0	59.0	59.0	17.0	-203.0	140.0	110.0
4imk	-226.0	17.0	-79.0	49.0	59.0	17.0	-203.0	96.0	8.0
4x0k	-159.0	17.0	-79.0	59.0	59.0	17.0	96.0	96.0	14.0
4iml	-226.0	17.0	-203.0	49.0	59.0	17.0	-203.0	96.0	55.0
4fql	59.0	17.0	-79.0	49.0	59.0	17.0	-203.0	96.0	-3.0
5ifa	59.0	17.0	-203.0	59.0	59.0	17.0	-203.0	96.0	110.0
4odh	49.0	17.0	-79.0	49.0	59.0	17.0	-87.0	140.0	55.0
1fve	59.0	17.0	-203.0	49.0	59.0	17.0	-203.0	96.0	25.0
5i18	59.0	17.0	-203.0	59.0	59.0	17.0	-203.0	96.0	-87.0
4hfw	-92.0	17.0	-304.0	49.0	59.0	17.0	-203.0	140.0	25.0
4zd3	59.0	17.0	-203.0	49.0	59.0	17.0	-203.0	96.0	-57.0
3qhz	49.0	17.0	-79.0	49.0	59.0	17.0	59.0	96.0	175.0
1mim	-203.0	17.0	-79.0	59.0	59.0	17.0	-226.0	140.0	110.0
3qhf	49.0	17.0	-79.0	49.0	59.0	17.0	59.0	96.0	110.0
4nwt	95.0	17.0	-203.0	64.0	59.0	17.0	-203.0	96.0	-87.0
4zyk	-92.0	17.0	-79.0	-9.0	59.0	17.0	-203.0	96.0	110.0
5i8k	49.0	17.0	-203.0	64.0	59.0	17.0	59.0	96.0	110.0
5cex	-203.0	17.0	-79.0	49.0	59.0	17.0	-226.0	140.0	110.0
5c2b	49.0	17.0	-79.0	49.0	59.0	17.0	49.0	96.0	55.0
4fqc	-203.0	17.0	-5.0	49.0	59.0	17.0	-226.0	140.0	175.0
4nyl	59.0	17.0	-79.0	49.0	59.0	17.0	-203.0	140.0	-87.0
4jdv	59.0	17.0	-79.0	49.0	59.0	17.0	-203.0	96.0	-57.0
3kym	59.0	17.0	-79.0	49.0	59.0	17.0	-203.0	96.0	110.0
2fb4	-92.0	17.0	-203.0	49.0	59.0	17.0	59.0	96.0	55.0
4x7s	-92.0	17.0	-79.0	49.0	59.0	17.0	-203.0	96.0	-57.0
4hk0	-226.0	17.0	-203.0	49.0	59.0	17.0	-203.0	96.0	110.0
4gxv	-92.0	17.0	-79.0	49.0	59.0	17.0	59.0	96.0	175.0
4xml	-61.0	17.0	-203.0	49.0	59.0	17.0	51.0	96.0	25.0
3eo9	59.0	17.0	-79.0	49.0	59.0	17.0	-203.0	96.0	-57.0
4nwu	95.0	17.0	-203.0	64.0	59.0	17.0	-203.0	96.0	-87.0
1t3f	49.0	17.0	-79.0	49.0	59.0	17.0	-87.0	96.0	-3.0
4yhy	-226.0	17.0	-203.0	49.0	59.0	17.0	-203.0	96.0	8.0
3qos	59.0	17.0	-203.0	59.0	59.0	17.0	-203.0	96.0	-57.0
3qot	59.0	17.0	-203.0	59.0	59.0	17.0	-203.0	96.0	-87.0
3n9g	-92.0	17.0	-79.0	49.0	59.0	17.0	59.0	96.0	110.0
5f7e	-92.0	17.0	-203.0	49.0	59.0	17.0	-203.0	9.0	44.0
2xa8	-92.0	17.0	-203.0	49.0	59.0	17.0	-203.0	96.0	-57.0
5chn	17.0	17.0	-203.0	59.0	59.0	17.0	51.0	96.0	-57.0
8fab	17.0	17.0	-79.0	49.0	59.0	17.0	-203.0	96.0	110.0
2f5a	59.0	17.0	-203.0	64.0	59.0	17.0	-203.0	140.0	110.0
4lri	-61.0	17.0	-79.0	59.0	59.0	17.0	51.0	96.0	-87.0
4lrn	59.0	17.0	-203.0	49.0	59.0	17.0	-203.0	96.0	-57.0
3gje	49.0	17.0	-203.0	49.0	59.0	17.0	92.0	96.0	55.0
4nrz	-92.0	17.0	-203.0	49.0	59.0	17.0	-203.0	140.0	44.0
4ocr	49.0	17.0	-81.0	49.0	59.0	17.0	-87.0	96.0	55.0
4ocs	49.0	17.0	-226.0	49.0	59.0	17.0	-87.0	96.0	55.0
1b4j	59.0	17.0	-79.0	59.0	59.0	-53.0	110.0	140.0	34.0
7fab	-83.0	17.0	-79.0	49.0	59.0	17.0	-203.0	96.0	110.0
3hi5	-92.0	17.0	-203.0	49.0	59.0	17.0	-203.0	96.0	-57.0
4hh9	95.0	17.0	-203.0	49.0	59.0	17.0	-203.0	96.0	-87.0
4jpi	59.0	17.0	-79.0	49.0	59.0	17.0	-203.0	96.0	-3.0
5d7s	17.0	17.0	-79.0	49.0	59.0	17.0	49.0	96.0	110.0
4kmt	-92.0	17.0	-203.0	49.0	59.0	17.0	-203.0	96.0	-57.0
1u6a	59.0	17.0	-79.0	49.0	59.0	17.0	-203.0	96.0	-57.0
5cck	49.0	17.0	-79.0	-9.0	59.0	17.0	128.0	-81.0	110.0
4ut7	59.0	52.0	-87.0	59.0	59.0	52.0	128.0	140.0	175.0
1opg	-226.0	17.0	-79.0	59.0	59.0	96.0	-203.0	96.0	110.0
4hqq	-203.0	17.0	-203.0	49.0	59.0	17.0	-203.0	96.0	110.0
4toy	49.0	17.0	96.0	49.0	59.0	17.0	128.0	96.0	55.0
4g6k	49.0	17.0	-203.0	49.0	-9.0	96.0	-81.0	96.0	25.0
4hwe	59.0	17.0	-203.0	49.0	59.0	17.0	-203.0	96.0	25.0
4yhl	-159.0	17.0	-203.0	59.0	59.0	17.0	96.0	96.0	110.0
3nfs	-226.0	17.0	-79.0	49.0	59.0	17.0	-226.0	96.0	-57.0
4yhn	-159.0	17.0	-79.0	59.0	59.0	17.0	96.0	96.0	-57.0
4nm4	59.0	17.0	-203.0	64.0	59.0	17.0	-226.0	96.0	-57.0
4py7	59.0	17.0	-203.0	49.0	59.0	17.0	-203.0	96.0	110.0
1jpt	-92.0	17.0	-203.0	49.0	59.0	17.0	-81.0	96.0	-87.0
4nug	17.0	17.0	-79.0	59.0	59.0	17.0	51.0	96.0	110.0
3eyo	95.0	17.0	-5.0	49.0	59.0	17.0	-203.0	96.0	25.0
4f57	49.0	17.0	-79.0	49.0	59.0	17.0	59.0	96.0	110.0
4osu	49.0	17.0	-79.0	49.0	-77.0	17.0	-87.0	96.0	110.0
3eyq	59.0	17.0	-79.0	49.0	59.0	17.0	-203.0	96.0	-57.0
3dgg	-226.0	17.0	-79.0	64.0	59.0	17.0	-203.0	96.0	14.0
4npy	-226.0	17.0	-79.0	49.0	59.0	17.0	-203.0	96.0	110.0
4fze	59.0	52.0	-79.0	59.0	59.0	52.0	-203.0	140.0	175.0
3aaz	-159.0	17.0	-203.0	59.0	59.0	17.0	96.0	96.0	-84.0
1qlr	59.0	17.0	-79.0	49.0	59.0	17.0	-203.0	96.0	110.0
4o5l	-26.0	17.0	-226.0	49.0	59.0	17.0	59.0	140.0	110.0
4evn	49.0	17.0	-79.0	49.0	59.0	17.0	-87.0	96.0	110.0
1igm	59.0	17.0	-87.0	49.0	59.0	17.0	-203.0	96.0	44.0
3qrg	-226.0	17.0	-203.0	59.0	59.0	17.0	-203.0	140.0	-87.0
1ad9	17.0	96.0	-203.0	49.0	59.0	17.0	51.0	96.0	25.0
5bzd	59.0	17.0	-203.0	49.0	59.0	17.0	-203.0	96.0	-3.0
4m5y	-226.0	17.0	-79.0	49.0	59.0	17.0	-203.0	96.0	110.0
2d7t	-226.0	17.0	-226.0	49.0	59.0	17.0	-81.0	96.0	110.0
1ucb	-159.0	17.0	-79.0	59.0	59.0	17.0	96.0	96.0	34.0
4lkc	59.0	17.0	-203.0	49.0	59.0	17.0	-203.0	96.0	-87.0
2aj3	59.0	17.0	-81.0	49.0	59.0	17.0	-203.0	140.0	-87.0
4nki	49.0	17.0	-79.0	49.0	59.0	17.0	49.0	96.0	55.0
4xbp	59.0	17.0	-203.0	49.0	59.0	17.0	-203.0	96.0	-57.0
4jam	128.0	17.0	44.0	59.0	59.0	17.0	-203.0	96.0	59.0
3u46	59.0	17.0	-79.0	59.0	59.0	96.0	-203.0	96.0	-57.0
1rzg	59.0	17.0	-79.0	49.0	59.0	17.0	-203.0	140.0	25.0
1rzf	49.0	17.0	-79.0	-9.0	59.0	17.0	-87.0	96.0	110.0
4llw	59.0	17.0	-152.0	49.0	59.0	17.0	-203.0	140.0	-57.0
4g5z	-226.0	17.0	-203.0	59.0	59.0	17.0	-226.0	96.0	25.0
1dfb	59.0	17.0	-203.0	-9.0	59.0	17.0	-203.0	140.0	44.0
3na9	59.0	17.0	-203.0	49.0	59.0	17.0	-203.0	96.0	-57.0
5bq7	-226.0	17.0	-203.0	49.0	59.0	17.0	-203.0	96.0	110.0
4wuk	-226.0	-92.0	-79.0	49.0	59.0	17.0	-203.0	96.0	110.0
4x4x	59.0	17.0	-79.0	49.0	59.0	17.0	-203.0	96.0	10.0
4x4y	59.0	17.0	-79.0	49.0	59.0	17.0	-203.0	96.0	10.0
3w9d	59.0	17.0	-79.0	49.0	59.0	17.0	-203.0	96.0	110.0
5f6i	49.0	17.0	-79.0	49.0	59.0	17.0	128.0	96.0	55.0
5f6h	49.0	17.0	-203.0	49.0	59.0	17.0	128.0	96.0	55.0
3zl4	49.0	17.0	-79.0	49.0	59.0	17.0	-87.0	96.0	110.0
3gkw	-61.0	17.0	-203.0	49.0	59.0	17.0	96.0	96.0	25.0
3g6a	49.0	17.0	-79.0	49.0	59.0	17.0	175.0	96.0	110.0
4m6o	59.0	17.0	-203.0	49.0	59.0	17.0	-203.0	96.0	110.0
4m6n	-226.0	17.0	-203.0	49.0	59.0	17.0	59.0	96.0	110.0
4m6m	-226.0	17.0	-79.0	49.0	59.0	17.0	59.0	96.0	110.0
5aze	-226.0	17.0	-81.0	49.0	59.0	17.0	-203.0	96.0	110.0
4xce	59.0	17.0	-203.0	49.0	59.0	17.0	-203.0	96.0	25.0
5cey	-203.0	17.0	-226.0	49.0	59.0	52.0	-61.0	140.0	110.0
5awn	49.0	17.0	-152.0	-9.0	59.0	17.0	128.0	96.0	110.0
3tnn	49.0	17.0	-79.0	49.0	59.0	17.0	49.0	140.0	175.0
3tnm	49.0	17.0	-5.0	49.0	59.0	17.0	49.0	96.0	110.0
1fh5	-226.0	17.0	-79.0	59.0	59.0	17.0	-203.0	140.0	14.0
1dn0	59.0	17.0	-79.0	49.0	59.0	17.0	-203.0	96.0	110.0
4r7d	-226.0	17.0	-79.0	59.0	59.0	17.0	-203.0	96.0	110.0
4d9l	-226.0	17.0	-79.0	49.0	59.0	17.0	-203.0	96.0	55.0
2g75	-226.0	17.0	-79.0	49.0	59.0	17.0	-203.0	96.0	8.0
3qct	-226.0	17.0	-79.0	59.0	59.0	96.0	49.0	96.0	-57.0
1ad0	-226.0	17.0	-79.0	49.0	59.0	17.0	-203.0	140.0	-57.0
4gsd	128.0	17.0	-79.0	59.0	59.0	17.0	-203.0	96.0	8.0
3naa	59.0	17.0	-203.0	49.0	59.0	17.0	-203.0	96.0	-57.0
3nab	59.0	17.0	-203.0	49.0	59.0	17.0	-203.0	96.0	-57.0
3nac	59.0	17.0	-203.0	49.0	59.0	17.0	-203.0	96.0	-57.0
4f58	49.0	17.0	-203.0	49.0	59.0	17.0	59.0	96.0	110.0
4nzu	-61.0	17.0	-79.0	55.0	59.0	17.0	-203.0	96.0	44.0
3u4b	59.0	17.0	-79.0	59.0	59.0	96.0	-203.0	96.0	-57.0
1rz8	59.0	17.0	-203.0	49.0	59.0	17.0	-203.0	96.0	-3.0
1rz7	59.0	17.0	-203.0	49.0	59.0	17.0	-203.0	140.0	110.0
5dk3	-226.0	17.0	-79.0	49.0	59.0	17.0	-203.0	96.0	110.0
4jha	-92.0	17.0	-79.0	49.0	59.0	17.0	-203.0	96.0	110.0
